0.9411	-0.158	0.003445
1.024	-0.04525	-0.01424
0.9914	-0.03099	-0.04761
0.9309	-0.1614	-0.06362
0.9443	-0.3387	-0.06224
1.052	-0.4919	-0.03701
1.22	-0.6284	0.01672
1.324	-0.7108	0.04702
1.424	-0.7468	0.1297
1.562	-0.6767	0.215
1.463	-0.4199	0.06515
1.211	-0.2752	-0.08327
1.134	-0.432	0.04901
1.101	-0.6491	0.1909
0.9933	-0.7396	0.2141
0.861	-0.5809	0.1836
0.8189	-0.2772	0.0568
0.8943	-0.1526	-0.0299
0.8672	-0.2142	0.01735
0.8176	-0.3371	0.1055
0.7951	-0.4498	0.1776
0.7347	-0.4225	0.1816
0.7997	-0.3093	0.1481
0.8627	-0.2434	0.1539
0.873	-0.2174	0.1669
0.8984	-0.2266	0.1716
0.8476	-0.2337	0.1834
0.8386	-0.2073	0.176
0.863	-0.2071	0.1494
0.8593	-0.2169	0.1271
0.8557	-0.2384	0.1213
0.8039	-0.2915	0.1201
0.7539	-0.3121	0.08109
0.703	-0.3181	0.02027
0.697	-0.3244	-0.003609
0.756	-0.3242	0.02044
0.7667	-0.3427	0.04715
0.7718	-0.3499	0.03283
0.7819	-0.3556	0.04129
0.8206	-0.366	0.1107
0.9169	-0.3762	0.1528
0.9687	-0.4239	0.1026
1.042	-0.4898	-0.04225
1.169	-0.5479	-0.2209
1.267	-0.6262	-0.3559
1.439	-0.7855	-0.3724
1.621	-0.8677	-0.2252
1.482	-0.5522	0.03348
1.151	-0.08657	0.2454
1.025	0.03511	0.1962
1.068	-0.03993	0.01195
1.246	-0.1284	-0.09382
1.395	-0.3321	-0.1764
1.113	-0.4197	-0.07279
0.7311	-0.3141	0.1094
0.7181	-0.2815	0.06286
0.8697	-0.2624	0.007233
0.934	-0.2051	-0.03203
0.8901	-0.205	-0.07762
0.837	-0.1985	-0.01472
0.8236	-0.1982	-0.02279
0.8454	-0.2045	-0.05216
0.8881	-0.192	-0.04673
0.8609	-0.2257	-0.05929
0.7933	-0.2671	-0.01239
0.7552	-0.2838	-0.002888
0.7381	-0.2794	-0.03359
0.7377	-0.2633	-0.05208
0.7328	-0.2682	-0.07119
0.763	-0.2493	-0.06601
0.8031	-0.2218	-0.07977
0.7726	-0.2186	-0.07197
0.7535	-0.2179	-0.07461
0.7668	-0.2453	-0.1216
0.797	-0.3249	-0.1201
0.9675	-0.4767	-0.06998
1.273	-0.5914	0.03404
1.553	-0.6146	0.155
1.736	-0.7617	0.2955
1.792	-0.9069	0.3685
1.603	-0.6911	0.1797
1.263	-0.4026	-0.008932
1.113	-0.4349	0.00902
1.118	-0.525	0.07013
1.006	-0.502	0.1438
0.8064	-0.4662	0.1731
0.7324	-0.3012	0.09865
0.8026	-0.1538	0.02676
0.8343	-0.2543	0.04971
0.8433	-0.3746	0.1137
0.8348	-0.3735	0.1407
0.7478	-0.326	0.1596
0.7294	-0.2534	0.1421
0.7412	-0.2275	0.1202
0.7161	-0.2706	0.1399
0.7294	-0.2839	0.1292
0.7136	-0.2524	0.1308
0.6942	-0.2166	0.122
0.6981	-0.1854	0.0682
0.6793	-0.2244	0.04767
0.6937	-0.3043	0.03756
0.7509	-0.3466	0.03852
0.8273	-0.3921	0.04365
0.8707	-0.4354	0.03426
0.88	-0.4887	0.01732
0.9858	-0.5941	-0.05615
1.261	-0.7109	-0.132
1.494	-0.748	-0.1708
1.35	-0.5905	-0.2005
1.164	-0.4159	-0.1946
1.394	-0.4545	-0.1822
1.705	-0.4723	-0.1873
1.858	-0.4041	-0.1651
1.693	-0.4118	-0.08063
1.221	-0.3239	0.02621
1.095	-0.2012	0.04218
1.177	-0.2359	-0.05251
1.106	-0.3041	-0.1404
1.062	-0.3849	-0.1462
0.8852	-0.4041	-0.07406
0.7773	-0.3333	-0.004072
0.858	-0.2974	-0.05547
0.8703	-0.2113	-0.1362
0.9205	-0.1765	-0.1294
0.8861	-0.2526	-0.09248
0.8068	-0.2532	-0.03584
0.851	-0.2511	-0.02407
0.8906	-0.2605	-0.05878
0.7933	-0.2671	-0.01239
0.7552	-0.2838	-0.002888
0.7381	-0.2794	-0.03359
0.7377	-0.2633	-0.05208
0.7328	-0.2682	-0.07119
0.763	-0.2493	-0.06601
0.8031	-0.2218	-0.07977
0.7726	-0.2186	-0.07197
0.7535	-0.2179	-0.07461
0.7668	-0.2453	-0.1216
0.797	-0.3249	-0.1201
0.9675	-0.4767	-0.06998
1.273	-0.5914	0.03404
1.553	-0.6146	0.155
1.736	-0.7617	0.2955
1.792	-0.9069	0.3685
1.603	-0.6911	0.1797
1.263	-0.4026	-0.008932
1.113	-0.4349	0.00902
1.118	-0.525	0.07013
1.006	-0.502	0.1438
0.8064	-0.4662	0.1731
0.7324	-0.3012	0.09865
0.8026	-0.1538	0.02676
0.8343	-0.2543	0.04971
0.8433	-0.3746	0.1137
0.8348	-0.3735	0.1407
0.7478	-0.326	0.1596
0.7294	-0.2534	0.1421
0.7412	-0.2275	0.1202
0.7161	-0.2706	0.1399
0.7294	-0.2839	0.1292
0.7136	-0.2524	0.1308
0.6942	-0.2166	0.122
0.6981	-0.1854	0.0682
0.6793	-0.2244	0.04767
0.6937	-0.3043	0.03756
0.7509	-0.3466	0.03852
0.8273	-0.3921	0.04365
0.8707	-0.4354	0.03426
0.88	-0.4887	0.01732
0.9858	-0.5941	-0.05615
1.261	-0.7109	-0.132
1.494	-0.748	-0.1708
1.35	-0.5905	-0.2005
1.164	-0.4159	-0.1946
1.394	-0.4545	-0.1822
1.705	-0.4723	-0.1873
1.858	-0.4041	-0.1651
1.693	-0.4118	-0.08063
1.221	-0.3239	0.02621
1.095	-0.2012	0.04218
1.177	-0.2359	-0.05251
1.106	-0.3041	-0.1404
1.062	-0.3849	-0.1462
0.8852	-0.4041	-0.07406
0.7773	-0.3333	-0.004072
0.858	-0.2974	-0.05547
0.8703	-0.2113	-0.1362
0.9205	-0.1765	-0.1294
0.8861	-0.2526	-0.09248
0.8068	-0.2532	-0.03584
0.851	-0.2511	-0.02407
0.8906	-0.2605	-0.05878
0.9359	-0.2439	-0.04286
0.8676	-0.251	-0.04325
0.7159	-0.2211	-0.03896
0.6636	-0.1943	-0.01316
0.645	-0.2022	-0.05094
0.6686	-0.2231	-0.08598
0.728	-0.2536	-0.0868
0.8083	-0.2332	-0.06573
0.9143	-0.1865	-0.0322
0.9363	-0.1418	-0.047
0.8752	-0.1568	-0.0985
0.8835	-0.3472	-0.1299
1.126	-0.6097	-0.06803
1.494	-0.698	0.003365
1.611	-0.6093	-0.06861
1.519	-0.6205	-0.09534
1.591	-0.7756	0.08439
1.636	-0.8382	0.2349
1.312	-0.6991	0.1923
0.9772	-0.4262	0.1399
1.012	-0.2393	0.1829
1.104	-0.1952	0.176
0.9994	-0.1876	0.1621
0.9066	-0.2364	0.1946
0.8155	-0.2751	0.1253
0.727	-0.2936	0.05762
0.8135	-0.323	0.08579
0.8333	-0.3158	0.1035
0.7609	-0.3243	0.1275
0.7655	-0.2999	0.1468
0.7251	-0.2691	0.1448
0.7559	-0.2882	0.1408
0.8155	-0.26	0.115
0.7693	-0.2339	0.09799
0.7466	-0.2132	0.09426
0.6922	-0.1848	0.09234
0.676	-0.1922	0.0714
0.7602	-0.193	0.02957
0.8122	-0.2395	0.02022
0.8338	-0.3387	0.04776
0.8167	-0.4098	0.09409
0.833	-0.4272	0.1275
0.9639	-0.474	0.1037
1.177	-0.6079	-0.05749
1.323	-0.6516	-0.2835
1.214	-0.5782	-0.2732
1.054	-0.5269	-0.1064
1.083	-0.5022	-0.07384
1.326	-0.4923	-0.1143
1.609	-0.4147	-0.1403
1.44	-0.2798	-0.1014
1.017	-0.2042	-0.007816
0.8768	-0.1027	0.006832
0.8962	-0.0339	-0.05039
1.111	-0.1902	-0.1689
1.294	-0.3703	-0.2406
1.049	-0.3667	-0.121
0.8198	-0.3135	-0.003737
0.8346	-0.2836	-0.02475
0.9299	-0.2619	-0.1026
1.026	-0.245	-0.18
1.012	-0.2368	-0.204
0.9719	-0.2672	-0.1547
0.9013	-0.2701	-0.08917
0.9359	-0.2439	-0.04286
0.8676	-0.251	-0.04325
0.7159	-0.2211	-0.03896
0.6636	-0.1943	-0.01316
0.645	-0.2022	-0.05094
0.6686	-0.2231	-0.08598
0.728	-0.2536	-0.0868
0.8083	-0.2332	-0.06573
0.9143	-0.1865	-0.0322
0.9363	-0.1418	-0.047
0.8752	-0.1568	-0.0985
0.8835	-0.3472	-0.1299
1.126	-0.6097	-0.06803
1.494	-0.698	0.003365
1.611	-0.6093	-0.06861
1.519	-0.6205	-0.09534
1.591	-0.7756	0.08439
1.636	-0.8382	0.2349
1.312	-0.6991	0.1923
0.9772	-0.4262	0.1399
1.012	-0.2393	0.1829
1.104	-0.1952	0.176
0.9994	-0.1876	0.1621
0.9066	-0.2364	0.1946
0.8155	-0.2751	0.1253
0.727	-0.2936	0.05762
0.8135	-0.323	0.08579
0.8333	-0.3158	0.1035
0.7609	-0.3243	0.1275
0.7655	-0.2999	0.1468
0.7251	-0.2691	0.1448
0.7559	-0.2882	0.1408
0.8155	-0.26	0.115
0.7693	-0.2339	0.09799
0.7466	-0.2132	0.09426
0.6922	-0.1848	0.09234
0.676	-0.1922	0.0714
0.7602	-0.193	0.02957
0.8122	-0.2395	0.02022
0.8338	-0.3387	0.04776
0.8167	-0.4098	0.09409
0.833	-0.4272	0.1275
0.9639	-0.474	0.1037
1.177	-0.6079	-0.05749
1.323	-0.6516	-0.2835
1.214	-0.5782	-0.2732
1.054	-0.5269	-0.1064
1.083	-0.5022	-0.07384
1.326	-0.4923	-0.1143
1.609	-0.4147	-0.1403
1.44	-0.2798	-0.1014
1.017	-0.2042	-0.007816
0.8768	-0.1027	0.006832
0.8962	-0.0339	-0.05039
1.111	-0.1902	-0.1689
1.294	-0.3703	-0.2406
1.049	-0.3667	-0.121
0.8198	-0.3135	-0.003737
0.8346	-0.2836	-0.02475
0.9299	-0.2619	-0.1026
1.026	-0.245	-0.18
1.012	-0.2368	-0.204
0.9719	-0.2672	-0.1547
0.9013	-0.2701	-0.08917
0.8133	-0.2553	-0.06472
0.7827	-0.258	-0.03579
0.7367	-0.2345	0.003403
0.7312	-0.244	-0.002612
0.759	-0.2732	-0.03007
0.7413	-0.3041	-0.06092
0.7386	-0.3489	-0.08275
0.7708	-0.3164	-0.07089
0.7775	-0.2494	-0.02628
0.7525	-0.2115	0.01499
0.7383	-0.2028	0.02751
0.7618	-0.2117	0.02552
0.837	-0.1789	-0.02266
0.9105	-0.2097	-0.1242
1.026	-0.4002	-0.17
1.265	-0.6374	-0.05753
1.429	-0.7285	0.07361
1.406	-0.6493	0.1161
1.456	-0.653	0.2939
1.681	-0.6915	0.4519
1.717	-0.5574	0.229
1.328	-0.3868	0.02805
0.9125	-0.2586	0.1561
0.9357	-0.2283	0.2191
1.053	-0.2367	0.1739
0.8795	-0.1419	0.1766
0.8117	-0.1399	0.06821
0.8528	-0.2207	-0.02122
0.8462	-0.3074	0.02913
0.9542	-0.4224	0.0494
0.8914	-0.382	0.0751
0.7962	-0.3452	0.108
0.8766	-0.3917	0.1187
0.8514	-0.3282	0.1726
0.8827	-0.2374	0.1753
0.9356	-0.1151	0.1115
0.9119	-0.06676	0.06522
0.9456	-0.226	0.06665
0.9163	-0.3619	0.1167
0.8965	-0.3936	0.1444
0.8839	-0.3341	0.1364
0.8401	-0.2266	0.1192
0.8682	-0.2179	0.09224
0.8611	-0.2488	0.06268
0.8464	-0.2742	0.03809
0.8679	-0.2954	0.06068
0.9004	-0.2879	0.09953
0.9372	-0.2979	0.1109
0.8463	-0.2633	0.1605
0.7476	-0.2055	0.2388
0.8147	-0.1881	0.2573
0.8971	-0.1082	0.2195
0.9194	-0.06301	0.1187
1.022	-0.2836	-0.1996
1.322	-0.7089	-0.5674
1.693	-1.008	-0.5314
1.82	-1.007	-0.3802
1.763	-0.8537	-0.3895
1.606	-0.5387	-0.0922
1.192	-0.103	0.1784
1.03	-0.04747	0.00668
1.208	-0.328	-0.03332
1.099	-0.4133	0.02555
0.9651	-0.4326	-0.04802
0.8133	-0.2553	-0.06472
0.7827	-0.258	-0.03579
0.7367	-0.2345	0.003403
0.7312	-0.244	-0.002612
0.759	-0.2732	-0.03007
0.7413	-0.3041	-0.06092
0.7386	-0.3489	-0.08275
0.7708	-0.3164	-0.07089
0.7775	-0.2494	-0.02628
0.7525	-0.2115	0.01499
0.7383	-0.2028	0.02751
0.7618	-0.2117	0.02552
0.837	-0.1789	-0.02266
0.9105	-0.2097	-0.1242
1.026	-0.4002	-0.17
1.265	-0.6374	-0.05753
1.429	-0.7285	0.07361
1.406	-0.6493	0.1161
1.456	-0.653	0.2939
1.681	-0.6915	0.4519
1.717	-0.5574	0.229
1.328	-0.3868	0.02805
0.9125	-0.2586	0.1561
0.9357	-0.2283	0.2191
1.053	-0.2367	0.1739
0.8795	-0.1419	0.1766
0.8117	-0.1399	0.06821
0.8528	-0.2207	-0.02122
0.8462	-0.3074	0.02913
0.9542	-0.4224	0.0494
0.8914	-0.382	0.0751
0.7962	-0.3452	0.108
0.8766	-0.3917	0.1187
0.8514	-0.3282	0.1726
0.8827	-0.2374	0.1753
0.9356	-0.1151	0.1115
0.9119	-0.06676	0.06522
0.9456	-0.226	0.06665
0.9163	-0.3619	0.1167
0.8965	-0.3936	0.1444
0.8839	-0.3341	0.1364
0.8401	-0.2266	0.1192
0.8682	-0.2179	0.09224
0.8611	-0.2488	0.06268
0.8464	-0.2742	0.03809
0.8679	-0.2954	0.06068
0.9004	-0.2879	0.09953
0.9372	-0.2979	0.1109
0.8463	-0.2633	0.1605
0.7476	-0.2055	0.2388
0.8147	-0.1881	0.2573
0.8971	-0.1082	0.2195
0.9194	-0.06301	0.1187
1.022	-0.2836	-0.1996
1.322	-0.7089	-0.5674
1.693	-1.008	-0.5314
1.82	-1.007	-0.3802
1.763	-0.8537	-0.3895
1.606	-0.5387	-0.0922
1.192	-0.103	0.1784
1.03	-0.04747	0.00668
1.208	-0.328	-0.03332
1.099	-0.4133	0.02555
0.9651	-0.4326	-0.04802
0.8553	-0.3875	-0.01652
0.6876	-0.181	-0.03182
0.8222	-0.1815	-0.1088
0.8925	-0.224	-0.1123
0.8991	-0.2125	-0.1161
1.014	-0.3125	-0.06595
0.9621	-0.2998	5.823e-06
0.9711	-0.2601	0.0146
0.9961	-0.2018	0.004731
0.9581	-0.08232	-0.01104
1.006	-0.1299	-0.003729
1.003	-0.1861	-0.01798
1.037	-0.1754	-0.03637
1.064	-0.1919	-0.02731
1.003	-0.1967	-0.01581
0.9621	-0.2443	0.008707
0.8852	-0.288	0.001312
0.8261	-0.2634	-0.03479
0.7465	-0.2424	-0.06172
0.6709	-0.256	-0.08408
0.7439	-0.2829	-0.08844
0.7657	-0.3303	-0.1106
0.7208	-0.3558	-0.1169
0.7489	-0.315	-0.05822
0.7862	-0.2718	-0.003732
0.8559	-0.1931	0.02603
0.8978	-0.06179	0.03318
0.851	-0.01398	0.01987
0.8224	-0.07882	-0.01754
0.8315	-0.2547	-0.1156
0.9841	-0.5746	-0.1836
1.322	-0.849	-0.1445
1.515	-0.8533	-0.08167
1.474	-0.7406	-0.00151
1.51	-0.6721	0.1247
1.575	-0.5777	0.1435
1.411	-0.5164	0.02378
1.109	-0.5008	-0.01457
0.8802	-0.522	0.08517
0.9313	-0.57	0.2169
1.069	-0.4062	0.2562
0.9228	-0.1586	0.1412
0.8269	-0.1488	0.01098
0.8444	-0.2945	-0.02702
0.8002	-0.4647	0.03625
0.9015	-0.5254	0.1246
0.8845	-0.4267	0.14
0.8144	-0.3212	0.162
0.8767	-0.237	0.183
0.8089	-0.1639	0.1515
0.8395	-0.1564	0.1277
0.8814	-0.1943	0.1078
0.8111	-0.2479	0.1278
0.8256	-0.3475	0.1888
0.7625	-0.4162	0.2189
0.7587	-0.3288	0.1977
0.7977	-0.1895	0.1059
0.7499	-0.1189	0.01446
0.7789	-0.1289	0.007372
0.7481	-0.2248	0.03098
0.6918	-0.3048	0.02144
0.6949	-0.3094	0.01977
0.7101	-0.3006	0.05531
0.7994	-0.331	0.06693
0.8553	-0.3875	-0.01652
0.6876	-0.181	-0.03182
0.8222	-0.1815	-0.1088
0.8925	-0.224	-0.1123
0.8991	-0.2125	-0.1161
1.014	-0.3125	-0.06595
0.9621	-0.2998	5.823e-06
0.9711	-0.2601	0.0146
0.9961	-0.2018	0.004731
0.9581	-0.08232	-0.01104
1.006	-0.1299	-0.003729
1.003	-0.1861	-0.01798
1.037	-0.1754	-0.03637
1.064	-0.1919	-0.02731
1.003	-0.1967	-0.01581
0.9621	-0.2443	0.008707
0.8852	-0.288	0.001312
0.8261	-0.2634	-0.03479
0.7465	-0.2424	-0.06172
0.6709	-0.256	-0.08408
0.7439	-0.2829	-0.08844
0.7657	-0.3303	-0.1106
0.7208	-0.3558	-0.1169
0.7489	-0.315	-0.05822
0.7862	-0.2718	-0.003732
0.8559	-0.1931	0.02603
0.8978	-0.06179	0.03318
0.851	-0.01398	0.01987
0.8224	-0.07882	-0.01754
0.8315	-0.2547	-0.1156
0.9841	-0.5746	-0.1836
1.322	-0.849	-0.1445
1.515	-0.8533	-0.08167
1.474	-0.7406	-0.00151
1.51	-0.6721	0.1247
1.575	-0.5777	0.1435
1.411	-0.5164	0.02378
1.109	-0.5008	-0.01457
0.8802	-0.522	0.08517
0.9313	-0.57	0.2169
1.069	-0.4062	0.2562
0.9228	-0.1586	0.1412
0.8269	-0.1488	0.01098
0.8444	-0.2945	-0.02702
0.8002	-0.4647	0.03625
0.9015	-0.5254	0.1246
0.8845	-0.4267	0.14
0.8144	-0.3212	0.162
0.8767	-0.237	0.183
0.8089	-0.1639	0.1515
0.8395	-0.1564	0.1277
0.8814	-0.1943	0.1078
0.8111	-0.2479	0.1278
0.8256	-0.3475	0.1888
0.7625	-0.4162	0.2189
0.7587	-0.3288	0.1977
0.7977	-0.1895	0.1059
0.7499	-0.1189	0.01446
0.7789	-0.1289	0.007372
0.7481	-0.2248	0.03098
0.6918	-0.3048	0.02144
0.6949	-0.3094	0.01977
0.7101	-0.3006	0.05531
0.7994	-0.331	0.06693
0.8662	-0.3734	0.04644
0.9098	-0.3952	-0.01418
1.025	-0.5357	-0.1357
1.264	-0.7709	-0.225
1.447	-0.8098	-0.2376
1.301	-0.674	-0.263
1.216	-0.5781	-0.3008
1.461	-0.4459	-0.2113
1.548	-0.2226	-0.05159
1.243	-0.1457	0.03415
0.9113	-0.2168	0.05242
0.933	-0.1997	-0.02239
1.116	-0.2318	-0.1027
1.102	-0.3797	-0.1273
0.9496	-0.3992	-0.09083
0.7749	-0.3485	0.03542
0.7577	-0.3231	0.01823
0.8689	-0.2691	-0.04522
0.8512	-0.2276	0.002336
0.9026	-0.1739	-0.03232
0.9918	-0.1214	-0.0236
0.9362	-0.1223	-0.00414
0.9085	-0.1404	-0.04341
0.8229	-0.1753	-0.004557
0.7182	-0.2274	-0.007929
0.6782	-0.2703	-0.003083
0.6118	-0.2664	-0.00246
0.6425	-0.2487	-0.06266
0.7404	-0.2638	-0.06545
0.8386	-0.2572	-0.1047
0.8464	-0.2444	-0.117
0.7659	-0.2175	-0.08177
0.7814	-0.1405	-0.1154
0.7339	-0.1288	-0.1109
0.8099	-0.2752	-0.07511
1.3	-0.5769	0.01546
1.709	-0.828	0.1412
1.678	-0.8326	0.1284
1.629	-0.8075	0.1567
1.794	-0.7075	0.2692
1.565	-0.3536	0.1604
1.1	-0.2339	0.01618
1.067	-0.3635	0.09592
1.039	-0.3222	0.1847
0.8965	-0.3313	0.2255
0.7905	-0.3247	0.2
0.7006	-0.2167	0.06504
0.8105	-0.2901	0.03305
0.8014	-0.345	0.05045
0.7439	-0.3418	0.0641
0.7566	-0.3651	0.1736
0.6485	-0.2899	0.218
0.6895	-0.2228	0.1927
0.7308	-0.1597	0.1549
0.7101	-0.1398	0.08031
0.7394	-0.205	0.05251
0.6751	-0.2261	0.04989
0.6724	-0.2741	0.04701
0.6731	-0.3192	0.0352
0.6904	-0.3275	0.02624
0.8052	-0.3989	0.07207
0.825	-0.4621	0.1017
0.8325	-0.4789	0.05942
0.9554	-0.5095	-0.07047
0.8662	-0.3734	0.04644
0.9098	-0.3952	-0.01418
1.025	-0.5357	-0.1357
1.264	-0.7709	-0.225
1.447	-0.8098	-0.2376
1.301	-0.674	-0.263
1.216	-0.5781	-0.3008
1.461	-0.4459	-0.2113
1.548	-0.2226	-0.05159
1.243	-0.1457	0.03415
0.9113	-0.2168	0.05242
0.933	-0.1997	-0.02239
1.116	-0.2318	-0.1027
1.102	-0.3797	-0.1273
0.9496	-0.3992	-0.09083
0.7749	-0.3485	0.03542
0.7577	-0.3231	0.01823
0.8689	-0.2691	-0.04522
0.8512	-0.2276	0.002336
0.9026	-0.1739	-0.03232
0.9918	-0.1214	-0.0236
0.9362	-0.1223	-0.00414
0.9085	-0.1404	-0.04341
0.8229	-0.1753	-0.004557
0.7182	-0.2274	-0.007929
0.6782	-0.2703	-0.003083
0.6118	-0.2664	-0.00246
0.6425	-0.2487	-0.06266
0.7404	-0.2638	-0.06545
0.8386	-0.2572	-0.1047
0.8464	-0.2444	-0.117
0.7659	-0.2175	-0.08177
0.7814	-0.1405	-0.1154
0.7339	-0.1288	-0.1109
0.8099	-0.2752	-0.07511
1.3	-0.5769	0.01546
1.709	-0.828	0.1412
1.678	-0.8326	0.1284
1.629	-0.8075	0.1567
1.794	-0.7075	0.2692
1.565	-0.3536	0.1604
1.1	-0.2339	0.01618
1.067	-0.3635	0.09592
1.039	-0.3222	0.1847
0.8965	-0.3313	0.2255
0.7905	-0.3247	0.2
0.7006	-0.2167	0.06504
0.8105	-0.2901	0.03305
0.8014	-0.345	0.05045
0.7439	-0.3418	0.0641
0.7566	-0.3651	0.1736
0.6485	-0.2899	0.218
0.6895	-0.2228	0.1927
0.7308	-0.1597	0.1549
0.7101	-0.1398	0.08031
0.7394	-0.205	0.05251
0.6751	-0.2261	0.04989
0.6724	-0.2741	0.04701
0.6731	-0.3192	0.0352
0.6904	-0.3275	0.02624
0.8052	-0.3989	0.07207
0.825	-0.4621	0.1017
0.8325	-0.4789	0.05942
0.9554	-0.5095	-0.07047
1.236	-0.5588	-0.2223
1.449	-0.5599	-0.2791
1.429	-0.5302	-0.2971
1.587	-0.4907	-0.3104
1.765	-0.3412	-0.1965
1.418	-0.2068	0.03635
0.9482	-0.2075	0.1987
0.8127	-0.2042	0.201
0.8112	-0.1852	0.09795
0.9443	-0.2361	-0.05661
1.1	-0.3211	-0.1933
0.8645	-0.3329	-0.07708
0.6095	-0.278	0.1619
0.7238	-0.2187	0.03087
0.8095	-0.1532	-0.1314
0.8596	-0.1515	-0.1119
1.02	-0.222	-0.2227
0.9977	-0.2831	-0.1314
0.8688	-0.299	0.007599
0.8318	-0.2564	-0.03382
0.8177	-0.2162	0.01344
0.8676	-0.1869	-0.04088
0.9214	-0.1304	-0.05215
0.9164	-0.08847	0.005764
0.8957	-0.07467	-0.03436
0.8197	-0.09572	0.01872
0.8038	-0.1243	0.009494
0.8497	-0.1039	0.02182
0.8603	-0.07383	0.09559
0.891	-0.05476	0.05298
0.8647	-0.03478	0.05178
0.7819	-0.02878	0.001876
0.7285	-0.04881	-0.07832
0.7979	-0.216	-0.09854
1.114	-0.6039	-0.156
1.399	-0.9318	-0.1471
1.408	-1.022	-0.05296
1.503	-1.11	0.1615
1.797	-1.012	0.3248
1.781	-0.5027	-0.009532
1.498	-0.2211	-0.4028
1.314	-0.337	-0.1726
1.098	-0.4701	0.1399
0.9542	-0.6259	0.1477
0.9663	-0.5645	0.1737
0.9855	-0.3505	0.03724
1.029	-0.2707	-0.116
0.9625	-0.2108	-0.0455
0.8869	-0.3135	-0.009323
0.851	-0.4029	0.1001
0.7696	-0.2975	0.1363
0.809	-0.2624	0.0467
0.861	-0.228	0.08405
0.8885	-0.2524	0.08413
0.8786	-0.3207	0.1161
0.7856	-0.2591	0.1484
0.7875	-0.2527	0.1027
0.7713	-0.2882	0.1317
0.7419	-0.2995	0.1193
0.771	-0.3194	0.1169
0.7402	-0.2807	0.1323
0.7312	-0.2243	0.1014
0.7262	-0.1646	0.105
0.7114	-0.1093	0.08088
1.236	-0.5588	-0.2223
1.449	-0.5599	-0.2791
1.429	-0.5302	-0.2971
1.587	-0.4907	-0.3104
1.765	-0.3412	-0.1965
1.418	-0.2068	0.03635
0.9482	-0.2075	0.1987
0.8127	-0.2042	0.201
0.8112	-0.1852	0.09795
0.9443	-0.2361	-0.05661
1.1	-0.3211	-0.1933
0.8645	-0.3329	-0.07708
0.6095	-0.278	0.1619
0.7238	-0.2187	0.03087
0.8095	-0.1532	-0.1314
0.8596	-0.1515	-0.1119
1.02	-0.222	-0.2227
0.9977	-0.2831	-0.1314
0.8688	-0.299	0.007599
0.8318	-0.2564	-0.03382
0.8177	-0.2162	0.01344
0.8676	-0.1869	-0.04088
0.9214	-0.1304	-0.05215
0.9164	-0.08847	0.005764
0.8957	-0.07467	-0.03436
0.8197	-0.09572	0.01872
0.8038	-0.1243	0.009494
0.8497	-0.1039	0.02182
0.8603	-0.07383	0.09559
0.891	-0.05476	0.05298
0.8647	-0.03478	0.05178
0.7819	-0.02878	0.001876
0.7285	-0.04881	-0.07832
0.7979	-0.216	-0.09854
1.114	-0.6039	-0.156
1.399	-0.9318	-0.1471
1.408	-1.022	-0.05296
1.503	-1.11	0.1615
1.797	-1.012	0.3248
1.781	-0.5027	-0.009532
1.498	-0.2211	-0.4028
1.314	-0.337	-0.1726
1.098	-0.4701	0.1399
0.9542	-0.6259	0.1477
0.9663	-0.5645	0.1737
0.9855	-0.3505	0.03724
1.029	-0.2707	-0.116
0.9625	-0.2108	-0.0455
0.8869	-0.3135	-0.009323
0.851	-0.4029	0.1001
0.7696	-0.2975	0.1363
0.809	-0.2624	0.0467
0.861	-0.228	0.08405
0.8885	-0.2524	0.08413
0.8786	-0.3207	0.1161
0.7856	-0.2591	0.1484
0.7875	-0.2527	0.1027
0.7713	-0.2882	0.1317
0.7419	-0.2995	0.1193
0.771	-0.3194	0.1169
0.7402	-0.2807	0.1323
0.7312	-0.2243	0.1014
0.7262	-0.1646	0.105
0.7114	-0.1093	0.08088
0.7274	-0.1009	0.08552
0.7333	-0.1454	0.09721
0.7832	-0.2352	0.0551
0.8418	-0.3141	0.03638
0.866	-0.373	0.01567
0.8623	-0.4174	0.0009321
0.8093	-0.4792	-0.1009
0.8092	-0.5855	-0.3358
1.036	-0.6591	-0.5341
1.429	-0.7374	-0.6201
1.628	-0.8161	-0.5163
1.659	-0.7122	-0.2525
1.72	-0.384	-0.03573
1.406	-0.02849	0.07697
0.8735	0.02533	0.1404
0.8913	-0.1058	0.1455
1.143	-0.08213	0.02611
1.122	-0.1773	-0.1436
1.044	-0.3603	-0.1814
0.8672	-0.3246	-0.08916
0.7093	-0.3318	0.008737
0.8152	-0.341	0.01976
0.9068	-0.2912	-0.03229
0.9341	-0.3156	-0.06414
0.9358	-0.2377	-0.07389
0.8739	-0.1599	-0.05112
0.9156	-0.1523	-0.03083
0.9206	-0.1758	-0.046
0.7859	-0.2518	-0.03626
0.6576	-0.2134	-0.01093
0.588	-0.1707	0.009047
0.6236	-0.1681	-0.006387
0.6727	-0.1434	-0.08066
0.724	-0.1766	-0.1353
0.8136	-0.1652	-0.1263
0.816	-0.1625	-0.09656
0.8102	-0.1801	-0.1138
0.8266	-0.1853	-0.1662
0.8571	-0.3757	-0.1803
1.147	-0.6254	-0.08015
1.626	-0.7047	0.081
1.87	-0.7389	0.112
1.793	-0.842	0.1273
1.643	-0.8023	0.2051
1.382	-0.594	0.1551
1.066	-0.4503	0.1187
1.079	-0.2817	0.1508
1.113	-0.1456	0.1389
0.8777	-0.1306	0.1668
0.7646	-0.08681	0.1381
0.7404	-0.1622	0.08151
0.7026	-0.2807	0.12
0.7181	-0.2914	0.1286
0.6536	-0.2858	0.1293
0.6209	-0.2097	0.1385
0.6441	-0.1836	0.1091
0.6313	-0.2195	0.09301
0.6165	-0.225	0.07212
0.5175	-0.2769	0.07395
0.4428	-0.3037	0.09204
0.5575	-0.3034	0.07202
0.731	-0.2964	0.06227
0.8205	-0.2997	0.05536
0.9019	-0.3321	0.04888
0.7274	-0.1009	0.08552
0.7333	-0.1454	0.09721
0.7832	-0.2352	0.0551
0.8418	-0.3141	0.03638
0.866	-0.373	0.01567
0.8623	-0.4174	0.0009321
0.8093	-0.4792	-0.1009
0.8092	-0.5855	-0.3358
1.036	-0.6591	-0.5341
1.429	-0.7374	-0.6201
1.628	-0.8161	-0.5163
1.659	-0.7122	-0.2525
1.72	-0.384	-0.03573
1.406	-0.02849	0.07697
0.8735	0.02533	0.1404
0.8913	-0.1058	0.1455
1.143	-0.08213	0.02611
1.122	-0.1773	-0.1436
1.044	-0.3603	-0.1814
0.8672	-0.3246	-0.08916
0.7093	-0.3318	0.008737
0.8152	-0.341	0.01976
0.9068	-0.2912	-0.03229
0.9341	-0.3156	-0.06414
0.9358	-0.2377	-0.07389
0.8739	-0.1599	-0.05112
0.9156	-0.1523	-0.03083
0.9206	-0.1758	-0.046
0.7859	-0.2518	-0.03626
0.6576	-0.2134	-0.01093
0.588	-0.1707	0.009047
0.6236	-0.1681	-0.006387
0.6727	-0.1434	-0.08066
0.724	-0.1766	-0.1353
0.8136	-0.1652	-0.1263
0.816	-0.1625	-0.09656
0.8102	-0.1801	-0.1138
0.8266	-0.1853	-0.1662
0.8571	-0.3757	-0.1803
1.147	-0.6254	-0.08015
1.626	-0.7047	0.081
1.87	-0.7389	0.112
1.793	-0.842	0.1273
1.643	-0.8023	0.2051
1.382	-0.594	0.1551
1.066	-0.4503	0.1187
1.079	-0.2817	0.1508
1.113	-0.1456	0.1389
0.8777	-0.1306	0.1668
0.7646	-0.08681	0.1381
0.7404	-0.1622	0.08151
0.7026	-0.2807	0.12
0.7181	-0.2914	0.1286
0.6536	-0.2858	0.1293
0.6209	-0.2097	0.1385
0.6441	-0.1836	0.1091
0.6313	-0.2195	0.09301
0.6165	-0.225	0.07212
0.5175	-0.2769	0.07395
0.4428	-0.3037	0.09204
0.5575	-0.3034	0.07202
0.731	-0.2964	0.06227
0.8205	-0.2997	0.05536
0.9019	-0.3321	0.04888
0.9962	-0.3641	0.03222
1.03	-0.5391	-0.0934
1.179	-0.7567	-0.2445
1.328	-0.7477	-0.2559
1.233	-0.5257	-0.2269
1.236	-0.3308	-0.2716
1.469	-0.3553	-0.2543
1.561	-0.3954	-0.1014
1.217	-0.3331	0.1339
0.8149	-0.2725	0.2911
0.9587	-0.1123	0.112
1.195	0.03303	-0.136
1.135	-0.1304	-0.1121
1.066	-0.4142	-0.07883
0.8699	-0.4713	-0.06127
0.7441	-0.3726	0.01439
0.8354	-0.2778	-0.03126
0.8375	-0.2269	-0.1035
0.9113	-0.2115	-0.1341
0.9021	-0.1641	-0.1167
0.7422	-0.155	-0.05807
0.7525	-0.1972	-0.09007
0.7096	-0.2278	-0.1015
0.6917	-0.2597	-0.05439
0.7547	-0.2333	-0.03075
0.7272	-0.1715	0.01767
0.7915	-0.1163	0.0058
0.8124	-0.09355	-0.03295
0.7964	-0.1107	-0.0297
0.8112	-0.08912	-0.1104
0.7652	-0.1726	-0.1778
0.9565	-0.4331	-0.1266
1.362	-0.6615	-0.08533
1.676	-0.7715	-0.007106
1.784	-0.8635	0.2452
1.776	-0.919	0.4161
1.632	-0.706	0.2043
1.195	-0.4451	-0.006416
1.01	-0.4568	0.1059
1.168	-0.3935	0.1838
1.059	-0.2057	0.2037
0.9381	-0.1911	0.2906
0.9187	-0.1978	0.2015
0.7823	-0.1244	0.06137
0.7631	-0.1446	0.03466
0.7947	-0.2461	0.05435
0.7	-0.2827	0.1347
0.6204	-0.2731	0.1366
0.6725	-0.2479	0.1139
0.7369	-0.227	0.1526
0.7125	-0.249	0.1059
0.6604	-0.2335	0.06938
0.5811	-0.1948	0.07027
0.576	-0.1675	0.07621
0.6462	-0.173	0.1115
0.6807	-0.2349	0.06793
0.7822	-0.2614	0.03922
0.8929	-0.3578	0.0386
0.9724	-0.6044	-0.09677
1.143	-0.8139	-0.3044
1.291	-0.8267	-0.3848
1.288	-0.6996	-0.2835
1.277	-0.6191	-0.2397
1.457	-0.54	-0.2847
0.9962	-0.3641	0.03222
1.03	-0.5391	-0.0934
1.179	-0.7567	-0.2445
1.328	-0.7477	-0.2559
1.233	-0.5257	-0.2269
1.236	-0.3308	-0.2716
1.469	-0.3553	-0.2543
1.561	-0.3954	-0.1014
1.217	-0.3331	0.1339
0.8149	-0.2725	0.2911
0.9587	-0.1123	0.112
1.195	0.03303	-0.136
1.135	-0.1304	-0.1121
1.066	-0.4142	-0.07883
0.8699	-0.4713	-0.06127
0.7441	-0.3726	0.01439
0.8354	-0.2778	-0.03126
0.8375	-0.2269	-0.1035
0.9113	-0.2115	-0.1341
0.9021	-0.1641	-0.1167
0.7422	-0.155	-0.05807
0.7525	-0.1972	-0.09007
0.7096	-0.2278	-0.1015
0.6917	-0.2597	-0.05439
0.7547	-0.2333	-0.03075
0.7272	-0.1715	0.01767
0.7915	-0.1163	0.0058
0.8124	-0.09355	-0.03295
0.7964	-0.1107	-0.0297
0.8112	-0.08912	-0.1104
0.7652	-0.1726	-0.1778
0.9565	-0.4331	-0.1266
1.362	-0.6615	-0.08533
1.676	-0.7715	-0.007106
1.784	-0.8635	0.2452
1.776	-0.919	0.4161
1.632	-0.706	0.2043
1.195	-0.4451	-0.006416
1.01	-0.4568	0.1059
1.168	-0.3935	0.1838
1.059	-0.2057	0.2037
0.9381	-0.1911	0.2906
0.9187	-0.1978	0.2015
0.7823	-0.1244	0.06137
0.7631	-0.1446	0.03466
0.7947	-0.2461	0.05435
0.7	-0.2827	0.1347
0.6204	-0.2731	0.1366
0.6725	-0.2479	0.1139
0.7369	-0.227	0.1526
0.7125	-0.249	0.1059
0.6604	-0.2335	0.06938
0.5811	-0.1948	0.07027
0.576	-0.1675	0.07621
0.6462	-0.173	0.1115
0.6807	-0.2349	0.06793
0.7822	-0.2614	0.03922
0.8929	-0.3578	0.0386
0.9724	-0.6044	-0.09677
1.143	-0.8139	-0.3044
1.291	-0.8267	-0.3848
1.288	-0.6996	-0.2835
1.277	-0.6191	-0.2397
1.457	-0.54	-0.2847
1.612	-0.4414	-0.2306
1.414	-0.352	-0.0969
1.03	-0.1431	0.102
0.7454	-0.003222	0.2004
0.771	-0.05378	0.07513
1.132	-0.1206	-0.08378
1.368	-0.25	-0.2165
1.162	-0.4052	-0.1979
0.8514	-0.4213	-0.007318
0.7635	-0.3582	0.07394
0.7603	-0.2972	0.06466
0.8118	-0.2385	-0.02254
0.9119	-0.2135	-0.172
0.8411	-0.2183	-0.1543
0.7423	-0.2225	-0.08786
0.7032	-0.2453	-0.05056
0.6325	-0.2752	-0.006977
0.6861	-0.2734	-0.05981
0.7584	-0.2539	-0.08196
0.7669	-0.2163	-0.05461
0.7873	-0.1374	-0.06308
0.7603	-0.06908	-0.06694
0.791	-0.05875	-0.09024
0.8296	-0.1121	-0.1188
0.8411	-0.2771	-0.1454
1.03	-0.5374	-0.1109
1.362	-0.7759	0.02982
1.592	-0.8252	0.1285
1.488	-0.6963	0.1548
1.336	-0.6549	0.3169
1.413	-0.662	0.5112
1.352	-0.5022	0.2451
1.143	-0.3396	-0.1072
1.003	-0.3658	0.07112
0.9535	-0.4283	0.1751
0.9993	-0.3819	0.06966
0.9305	-0.3713	0.1573
0.8453	-0.3609	0.1044
0.8072	-0.2722	0.03826
0.7554	-0.3131	0.1052
0.8427	-0.3775	0.05647
0.8166	-0.3674	0.08686
0.7439	-0.3654	0.1448
0.7792	-0.2804	0.164
0.7249	-0.2455	0.2062
0.7574	-0.2733	0.137
0.7406	-0.2383	0.1077
0.6651	-0.2227	0.1142
0.7145	-0.2043	0.09064
0.6764	-0.2234	0.09617
0.7037	-0.2624	0.03335
0.8	-0.2498	0.01064
0.866	-0.313	0.03626
0.9287	-0.4018	0.0319
0.8441	-0.4199	0.02879
0.8479	-0.4612	-0.093
1.033	-0.563	-0.2432
1.268	-0.6201	-0.2851
1.447	-0.5988	-0.3155
1.424	-0.5738	-0.2985
1.457	-0.4943	-0.1705
1.635	-0.3926	-0.07297
1.704	-0.3631	-0.03976
1.441	-0.276	0.02981
1.126	-0.5253	-0.5077
1.342	-0.4873	-0.7053
1.379	-0.431	-0.7621
1.339	-0.5056	-0.7475
1.492	-0.5169	-0.6859
1.543	-0.377	-0.5127
1.281	-0.2171	-0.2178
0.9285	-0.06516	-0.03712
0.7473	0.08802	-0.08711
0.9049	0.1447	-0.2403
1.033	-0.05228	-0.4378
0.8968	-0.3399	-0.4466
0.8022	-0.4508	-0.2525
0.7294	-0.4314	-0.1977
0.7652	-0.2832	-0.2493
0.9754	-0.07183	-0.3145
1.011	-0.024	-0.362
0.9984	-0.1043	-0.2979
1.035	-0.149	-0.2405
0.9935	-0.1403	-0.2201
1.013	-0.1456	-0.2311
0.994	-0.1555	-0.259
0.9192	-0.1651	-0.2299
0.8837	-0.1949	-0.2237
0.8238	-0.192	-0.2111
0.828	-0.1901	-0.19
0.8206	-0.1978	-0.2131
0.7625	-0.1863	-0.2067
0.7373	-0.1873	-0.2077
0.6887	-0.1749	-0.216
0.7098	-0.1771	-0.2124
0.7557	-0.198	-0.2213
0.7367	-0.1958	-0.2052
0.7586	-0.1757	-0.2037
0.7814	-0.1101	-0.2242
0.8126	-0.05081	-0.2418
0.8486	-0.05806	-0.2803
0.7691	-0.1376	-0.3477
0.7282	-0.3097	-0.412
0.9931	-0.5382	-0.3817
1.515	-0.7345	-0.3366
1.915	-0.786	-0.3601
1.888	-0.7222	-0.3054
1.567	-0.613	-0.2342
1.252	-0.4768	-0.2649
1.071	-0.5114	-0.2631
1.043	-0.6107	-0.2004
1.022	-0.5341	-0.09676
0.9075	-0.5285	0.02845
0.8218	-0.5218	-0.009802
0.7347	-0.2889	-0.1642
0.6148	-0.1314	-0.2187
0.6364	-0.19	-0.2011
0.7385	-0.3152	-0.1308
0.7426	-0.3518	-0.04802
0.7476	-0.3197	-0.0632
0.8379	-0.3203	-0.09407
0.9212	-0.2993	-0.1017
0.9287	-0.3307	-0.09548
0.8452	-0.3631	-0.06773
0.7643	-0.303	-0.07704
0.7244	-0.2556	-0.07333
0.6735	-0.1878	-0.08086
0.6342	-0.1475	-0.145
0.6031	-0.1645	-0.1707
0.6594	-0.2161	-0.1516
0.7696	-0.3269	-0.136
0.8279	-0.397	-0.1648
0.9422	-0.4458	-0.1952
1.016	-0.4564	-0.2038
1.004	-0.4124	-0.3108
1.042	-0.3856	-0.5045
1.088	-0.3172	-0.6843
1.165	-0.3149	-0.7645
1.292	-0.427	-0.7017
1.521	-0.4617	-0.614
1.707	-0.3568	-0.5281
1.435	-0.2064	-0.3674
1.032	-0.141	-0.2404
1.031	-0.09771	-0.2587
1.117	-0.06482	-0.3368
1.053	-0.1839	-0.382
0.9238	-0.295	-0.3583
0.7044	-0.302	-0.2434
0.6306	-0.2903	-0.1456
0.7505	-0.2247	-0.1933
0.8179	-0.1511	-0.3055
0.8781	-0.1049	-0.346
0.8601	-0.1113	-0.316
0.7394	-0.1523	-0.2568
0.6908	-0.1634	-0.2032
0.6257	-0.2155	-0.1836
0.6173	-0.2324	-0.2013
0.7165	-0.2041	-0.2358
0.7624	-0.2071	-0.2217
0.8348	-0.1398	-0.2015
0.8534	-0.0914	-0.2137
0.7925	-0.1063	-0.1938
0.7993	-0.1035	-0.216
0.7365	-0.1518	-0.3245
0.7479	-0.3184	-0.484
1.056	-0.6138	-0.5869
1.468	-0.7904	-0.4911
1.684	-0.7191	-0.4018
1.641	-0.6826	-0.4055
1.667	-0.6769	-0.3166
1.604	-0.5809	-0.24
1.22	-0.5138	-0.251
1.042	-0.4341	-0.2106
1.017	-0.3397	-0.1061
0.8839	-0.314	-0.05676
0.7866	-0.2481	-0.05445
0.6447	-0.1791	-0.03151
0.6373	-0.1982	-0.05495
0.7217	-0.2329	-0.06308
0.6895	-0.2847	-0.03338
0.7314	-0.336	-0.04296
0.73	-0.3371	-0.02251
0.698	-0.3	-0.05277
0.7293	-0.2587	-0.1203
0.6715	-0.2431	-0.1254
0.6388	-0.2238	-0.1673
0.6379	-0.2345	-0.164
0.6722	-0.284	-0.1205
0.8045	-0.3139	-0.156
0.8873	-0.392	-0.1943
0.8908	-0.4988	-0.2709
0.9067	-0.5363	-0.4152
0.6031	-0.1645	-0.1707
0.6594	-0.2161	-0.1516
0.7696	-0.3269	-0.136
0.8279	-0.397	-0.1648
0.9422	-0.4458	-0.1952
1.016	-0.4564	-0.2038
1.004	-0.4124	-0.3108
1.042	-0.3856	-0.5045
1.088	-0.3172	-0.6843
1.165	-0.3149	-0.7645
1.292	-0.427	-0.7017
1.521	-0.4617	-0.614
1.707	-0.3568	-0.5281
1.435	-0.2064	-0.3674
1.032	-0.141	-0.2404
1.031	-0.09771	-0.2587
1.117	-0.06482	-0.3368
1.053	-0.1839	-0.382
0.9238	-0.295	-0.3583
0.7044	-0.302	-0.2434
0.6306	-0.2903	-0.1456
0.7505	-0.2247	-0.1933
0.8179	-0.1511	-0.3055
0.8781	-0.1049	-0.346
0.8601	-0.1113	-0.316
0.7394	-0.1523	-0.2568
0.6908	-0.1634	-0.2032
0.6257	-0.2155	-0.1836
0.6173	-0.2324	-0.2013
0.7165	-0.2041	-0.2358
0.7624	-0.2071	-0.2217
0.8348	-0.1398	-0.2015
0.8534	-0.0914	-0.2137
0.7925	-0.1063	-0.1938
0.7993	-0.1035	-0.216
0.7365	-0.1518	-0.3245
0.7479	-0.3184	-0.484
1.056	-0.6138	-0.5869
1.468	-0.7904	-0.4911
1.684	-0.7191	-0.4018
1.641	-0.6826	-0.4055
1.667	-0.6769	-0.3166
1.604	-0.5809	-0.24
1.22	-0.5138	-0.251
1.042	-0.4341	-0.2106
1.017	-0.3397	-0.1061
0.8839	-0.314	-0.05676
0.7866	-0.2481	-0.05445
0.6447	-0.1791	-0.03151
0.6373	-0.1982	-0.05495
0.7217	-0.2329	-0.06308
0.6895	-0.2847	-0.03338
0.7314	-0.336	-0.04296
0.73	-0.3371	-0.02251
0.698	-0.3	-0.05277
0.7293	-0.2587	-0.1203
0.6715	-0.2431	-0.1254
0.6388	-0.2238	-0.1673
0.6379	-0.2345	-0.164
0.6722	-0.284	-0.1205
0.8045	-0.3139	-0.156
0.8873	-0.392	-0.1943
0.8908	-0.4988	-0.2709
0.9067	-0.5363	-0.4152
1.099	-0.541	-0.5722
1.315	-0.4714	-0.6932
1.263	-0.2993	-0.683
1.293	-0.1985	-0.6237
1.63	-0.2395	-0.6094
1.772	-0.3045	-0.5398
1.341	-0.2977	-0.3186
0.7969	-0.1695	-0.06722
0.7542	0.00737	-0.09222
0.898	0.008712	-0.241
0.898	-0.159	-0.2741
0.9988	-0.2639	-0.4259
0.9861	-0.2819	-0.4172
0.7583	-0.2612	-0.1271
0.6782	-0.2368	-0.06406
0.6945	-0.2339	-0.1083
0.7151	-0.1578	-0.1843
0.7134	-0.08493	-0.3018
0.6765	-0.1055	-0.2424
0.7	-0.161	-0.1994
0.6621	-0.2078	-0.1539
0.6551	-0.1707	-0.1346
0.7142	-0.1226	-0.2211
0.7254	-0.1253	-0.2387
0.8125	-0.1213	-0.3133
0.8184	-0.1435	-0.3409
0.7826	-0.2104	-0.3194
0.9278	-0.3512	-0.3653
1.201	-0.4793	-0.2285
1.543	-0.478	-0.1129
1.653	-0.5113	-0.2009
1.652	-0.6729	-0.2526
1.784	-0.7649	-0.2208
1.556	-0.5844	-0.2249
1.08	-0.3336	-0.267
0.9095	-0.363	-0.2095
0.9092	-0.4549	-0.1041
0.9073	-0.4092	-0.01432
0.8295	-0.4024	0.0226
0.6898	-0.2888	-0.04177
0.7083	-0.08442	-0.05552
0.8093	-0.09512	-0.09325
0.8412	-0.2237	-0.1592
0.7965	-0.3275	-0.09528
0.6784	-0.3572	-0.0537
0.6226	-0.2933	-0.04528
0.6382	-0.2388	-0.03407
0.6294	-0.1965	-0.06781
0.6205	-0.2015	-0.07409
0.6358	-0.25	-0.08464
0.7255	-0.2969	-0.1025
0.8421	-0.4056	-0.1572
0.8627	-0.4623	-0.2819
0.8613	-0.4544	-0.3806
0.9663	-0.5244	-0.5342
1.199	-0.5293	-0.7052
1.514	-0.4	-0.705
1.74	-0.2588	-0.6843
1.749	-0.1916	-0.6946
1.564	-0.2833	-0.4933
1.108	-0.3506	-0.122
0.6024	-0.2257	0.07457
0.5872	-0.1062	-0.115
0.9915	-0.03171	-0.4216
1.099	-0.541	-0.5722
1.315	-0.4714	-0.6932
1.263	-0.2993	-0.683
1.293	-0.1985	-0.6237
1.63	-0.2395	-0.6094
1.772	-0.3045	-0.5398
1.341	-0.2977	-0.3186
0.7969	-0.1695	-0.06722
0.7542	0.00737	-0.09222
0.898	0.008712	-0.241
0.898	-0.159	-0.2741
0.9988	-0.2639	-0.4259
0.9861	-0.2819	-0.4172
0.7583	-0.2612	-0.1271
0.6782	-0.2368	-0.06406
0.6945	-0.2339	-0.1083
0.7151	-0.1578	-0.1843
0.7134	-0.08493	-0.3018
0.6765	-0.1055	-0.2424
0.7	-0.161	-0.1994
0.6621	-0.2078	-0.1539
0.6551	-0.1707	-0.1346
0.7142	-0.1226	-0.2211
0.7254	-0.1253	-0.2387
0.8125	-0.1213	-0.3133
0.8184	-0.1435	-0.3409
0.7826	-0.2104	-0.3194
0.9278	-0.3512	-0.3653
1.201	-0.4793	-0.2285
1.543	-0.478	-0.1129
1.653	-0.5113	-0.2009
1.652	-0.6729	-0.2526
1.784	-0.7649	-0.2208
1.556	-0.5844	-0.2249
1.08	-0.3336	-0.267
0.9095	-0.363	-0.2095
0.9092	-0.4549	-0.1041
0.9073	-0.4092	-0.01432
0.8295	-0.4024	0.0226
0.6898	-0.2888	-0.04177
0.7083	-0.08442	-0.05552
0.8093	-0.09512	-0.09325
0.8412	-0.2237	-0.1592
0.7965	-0.3275	-0.09528
0.6784	-0.3572	-0.0537
0.6226	-0.2933	-0.04528
0.6382	-0.2388	-0.03407
0.6294	-0.1965	-0.06781
0.6205	-0.2015	-0.07409
0.6358	-0.25	-0.08464
0.7255	-0.2969	-0.1025
0.8421	-0.4056	-0.1572
0.8627	-0.4623	-0.2819
0.8613	-0.4544	-0.3806
0.9663	-0.5244	-0.5342
1.199	-0.5293	-0.7052
1.514	-0.4	-0.705
1.74	-0.2588	-0.6843
1.749	-0.1916	-0.6946
1.564	-0.2833	-0.4933
1.108	-0.3506	-0.122
0.6024	-0.2257	0.07457
0.5872	-0.1062	-0.115
0.9915	-0.03171	-0.4216
1.239	0.002898	-0.5156
1.048	-0.1885	-0.4632
0.7197	-0.4342	-0.2259
0.6325	-0.3973	0.02257
0.7227	-0.2116	-0.1153
0.8729	-0.08613	-0.3247
0.9498	0.0052	-0.3434
0.9087	-0.01301	-0.3396
0.9018	-0.06077	-0.2879
0.8059	-0.03781	-0.2249
0.6665	-0.09064	-0.1686
0.6912	-0.09508	-0.153
0.7589	-0.05099	-0.2312
0.8417	-0.09777	-0.2448
0.9494	-0.08422	-0.2337
0.9454	-0.08102	-0.1942
0.8488	-0.08563	-0.07491
0.8192	-0.003667	-0.08133
0.8617	0.02244	-0.1401
0.8805	0.01235	-0.2465
0.9274	-0.121	-0.5336
1.129	-0.5383	-0.6694
1.396	-1.026	-0.5134
1.392	-1.135	-0.3216
1.308	-0.7726	-0.2422
1.519	-0.4031	-0.363
1.611	-0.2774	-0.5681
1.406	-0.4012	-0.577
1.19	-0.6316	-0.4201
1.026	-0.6376	-0.226
0.943	-0.5266	-0.05127
0.8616	-0.3439	-0.1073
0.8045	-0.09624	-0.2593
0.8042	-0.1034	-0.2696
0.7841	-0.2596	-0.272
0.8174	-0.4132	-0.1957
0.8252	-0.4986	-0.08411
0.809	-0.4119	-0.07996
0.8289	-0.3332	-0.04029
0.8048	-0.2827	-0.01063
0.8205	-0.2892	-0.0116
0.8753	-0.3619	-0.01611
0.9105	-0.3224	-0.038
0.8648	-0.2763	-0.01599
0.7353	-0.2335	-0.03139
0.6807	-0.1589	-0.05601
0.6387	-0.1779	-0.06635
0.607	-0.1882	-0.08797
0.6442	-0.1749	-0.07217
0.6554	-0.1919	-0.1065
0.7348	-0.203	-0.1414
0.8827	-0.3147	-0.1441
0.9869	-0.4696	-0.1829
1.039	-0.4932	-0.2126
0.9706	-0.4508	-0.2572
0.7446	-0.4161	-0.321
0.4876	-0.3648	-0.4761
0.5935	-0.3796	-0.6857
1.224	-0.5155	-0.7855
1.815	-0.6457	-0.9048
1.836	-0.6345	-0.891
1.588	-0.3626	-0.5542
1.472	0.006687	-0.2664
1.247	0.04901	-0.1998
1.239	0.002898	-0.5156
1.048	-0.1885	-0.4632
0.7197	-0.4342	-0.2259
0.6325	-0.3973	0.02257
0.7227	-0.2116	-0.1153
0.8729	-0.08613	-0.3247
0.9498	0.0052	-0.3434
0.9087	-0.01301	-0.3396
0.9018	-0.06077	-0.2879
0.8059	-0.03781	-0.2249
0.6665	-0.09064	-0.1686
0.6912	-0.09508	-0.153
0.7589	-0.05099	-0.2312
0.8417	-0.09777	-0.2448
0.9494	-0.08422	-0.2337
0.9454	-0.08102	-0.1942
0.8488	-0.08563	-0.07491
0.8192	-0.003667	-0.08133
0.8617	0.02244	-0.1401
0.8805	0.01235	-0.2465
0.9274	-0.121	-0.5336
1.129	-0.5383	-0.6694
1.396	-1.026	-0.5134
1.392	-1.135	-0.3216
1.308	-0.7726	-0.2422
1.519	-0.4031	-0.363
1.611	-0.2774	-0.5681
1.406	-0.4012	-0.577
1.19	-0.6316	-0.4201
1.026	-0.6376	-0.226
0.943	-0.5266	-0.05127
0.8616	-0.3439	-0.1073
0.8045	-0.09624	-0.2593
0.8042	-0.1034	-0.2696
0.7841	-0.2596	-0.272
0.8174	-0.4132	-0.1957
0.8252	-0.4986	-0.08411
0.809	-0.4119	-0.07996
0.8289	-0.3332	-0.04029
0.8048	-0.2827	-0.01063
0.8205	-0.2892	-0.0116
0.8753	-0.3619	-0.01611
0.9105	-0.3224	-0.038
0.8648	-0.2763	-0.01599
0.7353	-0.2335	-0.03139
0.6807	-0.1589	-0.05601
0.6387	-0.1779	-0.06635
0.607	-0.1882	-0.08797
0.6442	-0.1749	-0.07217
0.6554	-0.1919	-0.1065
0.7348	-0.203	-0.1414
0.8827	-0.3147	-0.1441
0.9869	-0.4696	-0.1829
1.039	-0.4932	-0.2126
0.9706	-0.4508	-0.2572
0.7446	-0.4161	-0.321
0.4876	-0.3648	-0.4761
0.5935	-0.3796	-0.6857
1.224	-0.5155	-0.7855
1.815	-0.6457	-0.9048
1.836	-0.6345	-0.891
1.588	-0.3626	-0.5542
1.472	0.006687	-0.2664
1.247	0.04901	-0.1998
1.05	-0.1775	-0.2821
1.084	-0.4166	-0.3496
0.9845	-0.5877	-0.2791
0.9418	-0.5046	-0.2963
0.8557	-0.3125	-0.2972
0.6259	-0.2187	-0.191
0.7429	-0.07864	-0.1964
0.7692	-0.04597	-0.2177
0.7304	-0.1483	-0.2543
0.8668	-0.1233	-0.2806
0.7781	-0.1134	-0.2241
0.7906	-0.129	-0.2117
0.7898	-0.09927	-0.18
0.6394	-0.1474	-0.1637
0.6193	-0.1646	-0.1692
0.5536	-0.1716	-0.1489
0.6561	-0.2012	-0.2261
0.8562	-0.1949	-0.282
0.8984	-0.218	-0.2546
0.8849	-0.1874	-0.2574
0.8106	-0.1818	-0.3239
0.8976	-0.3428	-0.417
1.211	-0.5908	-0.4478
1.662	-0.7826	-0.4599
1.907	-0.8	-0.4343
1.703	-0.7889	-0.3009
1.545	-0.7446	-0.1877
1.325	-0.5845	-0.1874
0.9648	-0.5004	-0.1441
0.8964	-0.3845	0.002122
0.8342	-0.1901	-0.02036
0.7596	-0.1553	-0.1185
0.8013	-0.2002	-0.09413
0.7565	-0.2288	-0.1461
0.7564	-0.2994	-0.1364
0.6763	-0.3378	-0.05946
0.5116	-0.2938	-0.1083
0.5067	-0.2575	-0.05817
0.5148	-0.2599	0.01446
0.5279	-0.2425	-0.009441
0.5778	-0.2173	-0.03128
0.6149	-0.1952	-0.0957
0.6919	-0.1889	-0.1153
0.7473	-0.2418	-0.151
0.7611	-0.2988	-0.2441
0.7958	-0.3838	-0.3012
0.9326	-0.5758	-0.5259
1.22	-0.7327	-0.8451
1.531	-0.7281	-0.9005
1.655	-0.6105	-0.7596
1.646	-0.3398	-0.6667
1.642	-0.01096	-0.5077
1.35	0.04046	-0.1847
0.8893	-0.04066	-0.04675
0.8751	-0.007807	-0.2029
1.07	-0.1119	-0.3275
1.032	-0.2493	-0.3559
0.8937	-0.247	-0.3556
0.7279	-0.287	-0.2619
0.6681	-0.2846	-0.1779
0.76	-0.2728	-0.2067
0.7528	-0.2949	-0.2386
0.7197	-0.2276	-0.2427
0.7354	-0.2036	-0.2394
1.05	-0.1775	-0.2821
1.084	-0.4166	-0.3496
0.9845	-0.5877	-0.2791
0.9418	-0.5046	-0.2963
0.8557	-0.3125	-0.2972
0.6259	-0.2187	-0.191
0.7429	-0.07864	-0.1964
0.7692	-0.04597	-0.2177
0.7304	-0.1483	-0.2543
0.8668	-0.1233	-0.2806
0.7781	-0.1134	-0.2241
0.7906	-0.129	-0.2117
0.7898	-0.09927	-0.18
0.6394	-0.1474	-0.1637
0.6193	-0.1646	-0.1692
0.5536	-0.1716	-0.1489
0.6561	-0.2012	-0.2261
0.8562	-0.1949	-0.282
0.8984	-0.218	-0.2546
0.8849	-0.1874	-0.2574
0.8106	-0.1818	-0.3239
0.8976	-0.3428	-0.417
1.211	-0.5908	-0.4478
1.662	-0.7826	-0.4599
1.907	-0.8	-0.4343
1.703	-0.7889	-0.3009
1.545	-0.7446	-0.1877
1.325	-0.5845	-0.1874
0.9648	-0.5004	-0.1441
0.8964	-0.3845	0.002122
0.8342	-0.1901	-0.02036
0.7596	-0.1553	-0.1185
0.8013	-0.2002	-0.09413
0.7565	-0.2288	-0.1461
0.7564	-0.2994	-0.1364
0.6763	-0.3378	-0.05946
0.5116	-0.2938	-0.1083
0.5067	-0.2575	-0.05817
0.5148	-0.2599	0.01446
0.5279	-0.2425	-0.009441
0.5778	-0.2173	-0.03128
0.6149	-0.1952	-0.0957
0.6919	-0.1889	-0.1153
0.7473	-0.2418	-0.151
0.7611	-0.2988	-0.2441
0.7958	-0.3838	-0.3012
0.9326	-0.5758	-0.5259
1.22	-0.7327	-0.8451
1.531	-0.7281	-0.9005
1.655	-0.6105	-0.7596
1.646	-0.3398	-0.6667
1.642	-0.01096	-0.5077
1.35	0.04046	-0.1847
0.8893	-0.04066	-0.04675
0.8751	-0.007807	-0.2029
1.07	-0.1119	-0.3275
1.032	-0.2493	-0.3559
0.8937	-0.247	-0.3556
0.7279	-0.287	-0.2619
0.6681	-0.2846	-0.1779
0.76	-0.2728	-0.2067
0.7528	-0.2949	-0.2386
0.7197	-0.2276	-0.2427
0.7354	-0.2036	-0.2394
0.6643	-0.1877	-0.2085
0.6037	-0.1461	-0.1881
0.609	-0.1647	-0.1883
0.6689	-0.1534	-0.1756
0.7549	-0.1264	-0.1479
0.7618	-0.09637	-0.1638
0.7583	-0.05076	-0.2336
0.7761	-0.01377	-0.2878
0.7715	-0.02714	-0.3197
0.7972	-0.1816	-0.389
0.9461	-0.446	-0.5083
1.299	-0.741	-0.5306
1.716	-0.9153	-0.4543
1.908	-0.919	-0.397
1.74	-0.7747	-0.2001
1.437	-0.4336	-0.03237
1.222	-0.2176	-0.1902
1.052	-0.2476	-0.3009
1.019	-0.2775	-0.2018
1.045	-0.3538	-0.1712
0.9045	-0.4197	-0.1794
0.7484	-0.3968	-0.1783
0.6799	-0.3679	-0.2139
0.7253	-0.3313	-0.1794
0.8068	-0.3009	-0.1137
0.7969	-0.2278	-0.1145
0.8417	-0.1472	-0.09759
0.888	-0.1403	-0.08628
0.9088	-0.1723	-0.1247
0.9504	-0.2347	-0.1464
0.8667	-0.2677	-0.1505
0.7844	-0.2501	-0.1188
0.7499	-0.2263	-0.08521
0.6973	-0.1865	-0.09836
0.6901	-0.1287	-0.106
0.7134	-0.1185	-0.1206
0.809	-0.213	-0.1746
0.8701	-0.3355	-0.2497
0.8387	-0.4333	-0.2622
0.8269	-0.4441	-0.1768
0.7985	-0.3291	-0.143
0.794	-0.2368	-0.2771
0.8562	-0.2559	-0.5798
1.096	-0.4451	-0.9329
1.575	-0.7023	-1.08
1.801	-0.6942	-0.904
1.493	-0.3825	-0.5679
1.154	-0.04017	-0.3324
1.077	0.01745	-0.3476
1.032	-0.2261	-0.4215
0.9957	-0.4265	-0.3363
0.9536	-0.453	-0.3115
0.8279	-0.3891	-0.3468
0.7667	-0.2483	-0.2609
0.7098	-0.1219	-0.2588
0.6887	-0.1543	-0.2819
0.7891	-0.2637	-0.2741
0.8019	-0.2621	-0.329
0.844	-0.1924	-0.2914
0.9526	-0.1082	-0.2814
0.9631	-0.0512	-0.3055
1.014	-0.1136	-0.2624
1.052	-0.1669	-0.2686
0.9981	-0.1924	-0.2506
0.6643	-0.1877	-0.2085
0.6037	-0.1461	-0.1881
0.609	-0.1647	-0.1883
0.6689	-0.1534	-0.1756
0.7549	-0.1264	-0.1479
0.7618	-0.09637	-0.1638
0.7583	-0.05076	-0.2336
0.7761	-0.01377	-0.2878
0.7715	-0.02714	-0.3197
0.7972	-0.1816	-0.389
0.9461	-0.446	-0.5083
1.299	-0.741	-0.5306
1.716	-0.9153	-0.4543
1.908	-0.919	-0.397
1.74	-0.7747	-0.2001
1.437	-0.4336	-0.03237
1.222	-0.2176	-0.1902
1.052	-0.2476	-0.3009
1.019	-0.2775	-0.2018
1.045	-0.3538	-0.1712
0.9045	-0.4197	-0.1794
0.7484	-0.3968	-0.1783
0.6799	-0.3679	-0.2139
0.7253	-0.3313	-0.1794
0.8068	-0.3009	-0.1137
0.7969	-0.2278	-0.1145
0.8417	-0.1472	-0.09759
0.888	-0.1403	-0.08628
0.9088	-0.1723	-0.1247
0.9504	-0.2347	-0.1464
0.8667	-0.2677	-0.1505
0.7844	-0.2501	-0.1188
0.7499	-0.2263	-0.08521
0.6973	-0.1865	-0.09836
0.6901	-0.1287	-0.106
0.7134	-0.1185	-0.1206
0.809	-0.213	-0.1746
0.8701	-0.3355	-0.2497
0.8387	-0.4333	-0.2622
0.8269	-0.4441	-0.1768
0.7985	-0.3291	-0.143
0.794	-0.2368	-0.2771
0.8562	-0.2559	-0.5798
1.096	-0.4451	-0.9329
1.575	-0.7023	-1.08
1.801	-0.6942	-0.904
1.493	-0.3825	-0.5679
1.154	-0.04017	-0.3324
1.077	0.01745	-0.3476
1.032	-0.2261	-0.4215
0.9957	-0.4265	-0.3363
0.9536	-0.453	-0.3115
0.8279	-0.3891	-0.3468
0.7667	-0.2483	-0.2609
0.7098	-0.1219	-0.2588
0.6887	-0.1543	-0.2819
0.7891	-0.2637	-0.2741
0.8019	-0.2621	-0.329
0.844	-0.1924	-0.2914
0.9526	-0.1082	-0.2814
0.9631	-0.0512	-0.3055
1.014	-0.1136	-0.2624
1.052	-0.1669	-0.2686
0.9981	-0.1924	-0.2506
0.9665	-0.2215	-0.2387
0.9272	-0.1729	-0.2456
0.8662	-0.163	-0.238
0.8176	-0.1703	-0.2672
0.7752	-0.1684	-0.2469
0.7125	-0.226	-0.2151
0.6659	-0.2259	-0.1716
0.6842	-0.2097	-0.1213
0.6986	-0.1752	-0.1461
0.7313	-0.08502	-0.1457
0.8189	-0.07447	-0.1398
0.8781	-0.08198	-0.1571
0.8833	-0.07018	-0.1564
0.8442	-0.09817	-0.2058
0.7928	-0.1687	-0.3503
0.805	-0.373	-0.5746
1.013	-0.6912	-0.6644
1.379	-0.9065	-0.5426
1.554	-0.9116	-0.4648
1.57	-0.8509	-0.4246
1.68	-0.7626	-0.3621
1.638	-0.5635	-0.4256
1.435	-0.4477	-0.4923
1.265	-0.4865	-0.4187
0.9234	-0.4711	-0.2732
0.744	-0.4329	-0.05814
0.9173	-0.3988	0.04664
0.8293	-0.2368	-0.07366
0.654	-0.1035	-0.1477
0.6906	-0.1627	-0.1369
0.6898	-0.2519	-0.1195
0.7383	-0.2929	-0.03059
0.6839	-0.2971	0.009022
0.5641	-0.2314	0.008068
0.6454	-0.185	0.009587
0.6635	-0.1716	-0.0898
0.6653	-0.1605	-0.1574
0.6953	-0.2	-0.1458
0.655	-0.2445	-0.147
0.7378	-0.2849	-0.1526
0.862	-0.3263	-0.1827
0.9401	-0.3573	-0.2112
0.9422	-0.4496	-0.3004
0.9236	-0.5749	-0.4776
1.094	-0.6255	-0.574
1.24	-0.5445	-0.6145
1.284	-0.4402	-0.8025
1.496	-0.4013	-1.01
1.633	-0.2976	-0.7894
1.229	-0.1898	-0.2825
0.7981	-0.15	-0.07751
1.063	-0.1005	-0.2003
1.267	-0.1538	-0.3348
0.987	-0.2386	-0.3114
0.8897	-0.2533	-0.2764
0.7709	-0.2914	-0.2596
0.6073	-0.2732	-0.1354
0.7605	-0.2459	-0.1725
0.8092	-0.241	-0.2499
0.7526	-0.1498	-0.1833
0.7472	-0.06444	-0.2189
0.6277	-0.01323	-0.204
0.5578	-0.03983	-0.1716
0.5441	-0.1523	-0.1931
0.9665	-0.2215	-0.2387
0.9272	-0.1729	-0.2456
0.8662	-0.163	-0.238
0.8176	-0.1703	-0.2672
0.7752	-0.1684	-0.2469
0.7125	-0.226	-0.2151
0.6659	-0.2259	-0.1716
0.6842	-0.2097	-0.1213
0.6986	-0.1752	-0.1461
0.7313	-0.08502	-0.1457
0.8189	-0.07447	-0.1398
0.8781	-0.08198	-0.1571
0.8833	-0.07018	-0.1564
0.8442	-0.09817	-0.2058
0.7928	-0.1687	-0.3503
0.805	-0.373	-0.5746
1.013	-0.6912	-0.6644
1.379	-0.9065	-0.5426
1.554	-0.9116	-0.4648
1.57	-0.8509	-0.4246
1.68	-0.7626	-0.3621
1.638	-0.5635	-0.4256
1.435	-0.4477	-0.4923
1.265	-0.4865	-0.4187
0.9234	-0.4711	-0.2732
0.744	-0.4329	-0.05814
0.9173	-0.3988	0.04664
0.8293	-0.2368	-0.07366
0.654	-0.1035	-0.1477
0.6906	-0.1627	-0.1369
0.6898	-0.2519	-0.1195
0.7383	-0.2929	-0.03059
0.6839	-0.2971	0.009022
0.5641	-0.2314	0.008068
0.6454	-0.185	0.009587
0.6635	-0.1716	-0.0898
0.6653	-0.1605	-0.1574
0.6953	-0.2	-0.1458
0.655	-0.2445	-0.147
0.7378	-0.2849	-0.1526
0.862	-0.3263	-0.1827
0.9401	-0.3573	-0.2112
0.9422	-0.4496	-0.3004
0.9236	-0.5749	-0.4776
1.094	-0.6255	-0.574
1.24	-0.5445	-0.6145
1.284	-0.4402	-0.8025
1.496	-0.4013	-1.01
1.633	-0.2976	-0.7894
1.229	-0.1898	-0.2825
0.7981	-0.15	-0.07751
1.063	-0.1005	-0.2003
1.267	-0.1538	-0.3348
0.987	-0.2386	-0.3114
0.8897	-0.2533	-0.2764
0.7709	-0.2914	-0.2596
0.6073	-0.2732	-0.1354
0.7605	-0.2459	-0.1725
0.8092	-0.241	-0.2499
0.7526	-0.1498	-0.1833
0.7472	-0.06444	-0.2189
0.6277	-0.01323	-0.204
0.5578	-0.03983	-0.1716
0.5441	-0.1523	-0.1931
0.5775	-0.2005	-0.1246
0.7277	-0.194	-0.1739
0.8528	-0.1743	-0.3026
0.8854	-0.2093	-0.423
0.7613	-0.2875	-0.5048
0.6225	-0.3446	-0.4412
0.6598	-0.4558	-0.4187
0.814	-0.5358	-0.4536
1.315	-0.6271	-0.6222
1.933	-0.7716	-0.8237
1.835	-0.7375	-0.5363
1.484	-0.6728	-0.2216
1.51	-0.7182	-0.4155
1.292	-0.6223	-0.4665
1.035	-0.3732	-0.19
0.9886	-0.155	-0.04006
0.6756	-0.07396	-9.863e-05
0.584	-0.1174	-0.01654
0.6506	-0.1255	-0.06812
0.5398	-0.1168	-0.07444
0.6223	-0.1789	-0.11
0.595	-0.1879	-0.1141
0.5412	-0.1628	-0.1147
0.5917	-0.1814	-0.1551
0.5178	-0.2509	-0.137
0.6483	-0.4005	-0.1512
0.8155	-0.4747	-0.1569
0.8592	-0.458	-0.1649
0.8723	-0.4985	-0.3568
0.8514	-0.5495	-0.6149
1.038	-0.5513	-0.7216
1.253	-0.4934	-0.6561
1.378	-0.3993	-0.6548
1.537	-0.2663	-0.6926
1.592	-0.1226	-0.5196
1.251	-0.09283	-0.2576
0.7079	-0.07435	-0.07048
0.7933	-0.01938	-0.1381
1.075	-0.1385	-0.3542
0.9391	-0.3023	-0.3755
0.903	-0.3007	-0.3361
0.7428	-0.2919	-0.2598
0.5619	-0.3117	-0.1894
0.6915	-0.2886	-0.2636
0.6827	-0.2582	-0.2834
0.7402	-0.1753	-0.306
0.7803	-0.09666	-0.2647
0.6174	-0.1018	-0.1134
0.6255	-0.1096	-0.1239
0.6653	-0.09615	-0.1511
0.7159	-0.08789	-0.1805
0.7045	-0.1089	-0.2981
0.564	-0.1801	-0.3797
0.5988	-0.2831	-0.4682
0.8985	-0.4213	-0.4758
1.594	-0.5648	-0.4413
2.048	-0.594	-0.4813
1.683	-0.6044	-0.44
1.446	-0.7756	-0.325
1.588	-0.8121	-0.2346
1.367	-0.5809	-0.2192
0.9597	-0.3871	-0.2428
0.8539	-0.2543	-0.1992
0.8839	-0.2118	-0.1906
0.5775	-0.2005	-0.1246
0.7277	-0.194	-0.1739
0.8528	-0.1743	-0.3026
0.8854	-0.2093	-0.423
0.7613	-0.2875	-0.5048
0.6225	-0.3446	-0.4412
0.6598	-0.4558	-0.4187
0.814	-0.5358	-0.4536
1.315	-0.6271	-0.6222
1.933	-0.7716	-0.8237
1.835	-0.7375	-0.5363
1.484	-0.6728	-0.2216
1.51	-0.7182	-0.4155
1.292	-0.6223	-0.4665
1.035	-0.3732	-0.19
0.9886	-0.155	-0.04006
0.6756	-0.07396	-9.863e-05
0.584	-0.1174	-0.01654
0.6506	-0.1255	-0.06812
0.5398	-0.1168	-0.07444
0.6223	-0.1789	-0.11
0.595	-0.1879	-0.1141
0.5412	-0.1628	-0.1147
0.5917	-0.1814	-0.1551
0.5178	-0.2509	-0.137
0.6483	-0.4005	-0.1512
0.8155	-0.4747	-0.1569
0.8592	-0.458	-0.1649
0.8723	-0.4985	-0.3568
0.8514	-0.5495	-0.6149
1.038	-0.5513	-0.7216
1.253	-0.4934	-0.6561
1.378	-0.3993	-0.6548
1.537	-0.2663	-0.6926
1.592	-0.1226	-0.5196
1.251	-0.09283	-0.2576
0.7079	-0.07435	-0.07048
0.7933	-0.01938	-0.1381
1.075	-0.1385	-0.3542
0.9391	-0.3023	-0.3755
0.903	-0.3007	-0.3361
0.7428	-0.2919	-0.2598
0.5619	-0.3117	-0.1894
0.6915	-0.2886	-0.2636
0.6827	-0.2582	-0.2834
0.7402	-0.1753	-0.306
0.7803	-0.09666	-0.2647
0.6174	-0.1018	-0.1134
0.6255	-0.1096	-0.1239
0.6653	-0.09615	-0.1511
0.7159	-0.08789	-0.1805
0.7045	-0.1089	-0.2981
0.564	-0.1801	-0.3797
0.5988	-0.2831	-0.4682
0.8985	-0.4213	-0.4758
1.594	-0.5648	-0.4413
2.048	-0.594	-0.4813
1.683	-0.6044	-0.44
1.446	-0.7756	-0.325
1.588	-0.8121	-0.2346
1.367	-0.5809	-0.2192
0.9597	-0.3871	-0.2428
0.8539	-0.2543	-0.1992
0.8839	-0.2118	-0.1906
0.8345	-0.2515	-0.1597
0.7327	-0.2306	-0.0342
0.6051	-0.2419	-0.02919
0.5359	-0.2337	-0.04892
0.5834	-0.1946	-0.01897
0.6563	-0.203	-0.06984
0.6453	-0.1807	-0.08325
0.6427	-0.1862	-0.06322
0.6899	-0.2171	-0.05802
0.6694	-0.2578	-0.0309
0.6816	-0.326	-0.04864
0.6981	-0.3513	-0.126
0.6672	-0.3581	-0.309
0.7516	-0.3871	-0.5949
1	-0.5637	-0.8903
1.426	-0.8376	-0.9804
1.717	-0.8575	-0.6896
1.742	-0.4828	-0.4547
1.737	0.0637	-0.5282
1.407	0.3249	-0.4084
0.9008	0.1966	-0.1087
0.8645	-0.05023	-0.1305
1.021	-0.3546	-0.306
0.9657	-0.4906	-0.3234
0.8584	-0.3003	-0.2821
0.7424	-0.1568	-0.2132
0.6386	-0.1427	-0.2029
0.6668	-0.128	-0.2836
0.6837	-0.1944	-0.3115
0.6398	-0.2163	-0.329
0.6304	-0.1861	-0.28
0.6018	-0.2015	-0.1818
0.6726	-0.1687	-0.1673
0.8128	-0.1398	-0.1589
0.7959	-0.08675	-0.2298
0.6971	-0.04153	-0.3541
0.5616	-0.1649	-0.3967
0.4739	-0.3103	-0.432
0.6426	-0.4218	-0.4542
1.097	-0.5541	-0.4497
1.697	-0.6422	-0.4432
1.956	-0.7334	-0.3873
1.722	-0.8441	-0.156
1.508	-0.7956	0.09838
1.31	-0.5917	-0.01805
1.067	-0.3953	-0.1903
1.112	-0.1007	-0.1017
1.106	0.04395	-0.1299
0.8879	-0.2066	-0.1734
0.7575	-0.3489	-0.09086
0.6482	-0.3471	-0.1564
0.6787	-0.388	-0.1827
0.7199	-0.3405	-0.1211
0.6406	-0.3532	-0.1358
0.7135	-0.3589	-0.1072
0.709	-0.3155	-0.115
0.6343	-0.3115	-0.146
0.616	-0.2461	-0.1272
0.5501	-0.2199	-0.1427
0.6924	-0.2028	-0.1273
0.8834	-0.1768	-0.1438
0.927	-0.2534	-0.1893
0.9671	-0.3057	-0.1782
0.9681	-0.3066	-0.1857
0.6213	0.005077	-0.2272
0.5094	0.01237	-0.2937
0.4378	-0.05833	-0.336
0.4272	-0.1806	-0.4062
0.483	-0.3568	-0.5679
0.7818	-0.502	-0.7709
1.408	-0.5888	-0.8863
1.939	-0.6794	-0.9048
1.914	-0.7223	-0.7415
1.573	-0.5602	-0.4997
1.272	-0.3902	-0.5493
1.109	-0.4677	-0.5558
1.168	-0.5197	-0.2513
1.083	-0.4445	-0.1351
0.7137	-0.3841	-0.1521
0.528	-0.2058	-0.1669
0.5405	-0.05444	-0.3083
0.6441	-0.1322	-0.3001
0.7945	-0.2446	-0.2439
0.7566	-0.355	-0.2391
0.6602	-0.4092	-0.1366
0.5813	-0.2973	-0.1196
0.4878	-0.2127	-0.1333
0.5237	-0.1685	-0.1205
0.596	-0.11	-0.1451
0.6373	-0.1309	-0.1495
0.6467	-0.1511	-0.1922
0.6204	-0.1745	-0.2297
0.6533	-0.2634	-0.2498
0.662	-0.3767	-0.2698
0.6466	-0.4693	-0.3117
0.7192	-0.504	-0.5547
0.8692	-0.5802	-0.8868
1.122	-0.6115	-0.9894
1.528	-0.4452	-0.9186
1.972	-0.2209	-0.982
1.97	0.01254	-1.008
1.572	0.2276	-0.744
1.358	0.3501	-0.5065
1.066	0.1452	-0.4307
0.7996	-0.3869	-0.4116
0.9322	-0.4899	-0.4037
0.8606	-0.2579	-0.4211
0.6952	-0.2551	-0.4988
0.6803	-0.1818	-0.4124
0.5439	-0.1539	-0.2621
0.5487	-0.2082	-0.257
0.5925	-0.1149	-0.2853
0.6046	-0.12	-0.3741
0.7011	-0.1048	-0.3884
0.6641	-0.06541	-0.3098
0.6272	-0.07216	-0.2778
0.5926	0.0164	-0.2423
0.5011	0.001151	-0.2902
0.4674	-0.1017	-0.3516
0.4507	-0.245	-0.4222
0.6233	-0.4537	-0.5987
1.17	-0.6074	-0.7076
1.839	-0.7111	-0.7922
1.995	-0.7135	-0.8448
1.726	-0.7174	-0.6618
1.646	-0.7526	-0.4245
1.427	-0.7046	-0.4092
1.085	-0.6426	-0.4082
1.035	-0.3515	-0.2333
0.8769	0.05885	-0.1897
0.7175	0.04642	-0.2609
0.6701	-0.1256	-0.2205
0.4648	-0.1062	-0.1973
0.4903	-0.1726	-0.1767
0.5796	-0.2649	-0.1583
0.4604	-0.2441	-0.1856
0.5061	-0.2756	-0.1627
0.5717	-0.2569	-0.161
0.6109	-0.2221	-0.1909
0.6855	-0.2805	-0.2222
0.6352	-0.296	-0.273
0.6893	-0.3547	-0.2757
0.8133	-0.4486	-0.301
0.8416	-0.5245	-0.4287
0.8879	-0.5862	-0.6342
1.026	-0.4744	-0.8649
1.274	-0.3117	-0.9481
1.364	-0.1686	-0.8479
1.364	-0.02588	-0.7913
1.554	-0.05129	-0.85
1.599	-0.1153	-0.8334
1.391	-0.104	-0.6765
1.137	-0.09212	-0.5065
0.8806	-0.07708	-0.4263
0.7274	-0.1277	-0.4218
0.7125	-0.2198	-0.4103
0.7423	-0.2593	-0.3988
0.669	-0.2819	-0.3719
0.6044	-0.2589	-0.3034
0.6347	-0.1664	-0.274
0.5934	-0.1119	-0.2804
0.6114	-0.08491	-0.3348
0.6291	-0.04305	-0.3864
0.5752	-0.07138	-0.3141
0.6056	-0.1271	-0.23
0.5847	-0.1025	-0.2075
0.6451	-0.04359	-0.2277
0.7959	-0.007408	-0.2931
0.7955	0.005296	-0.3685
0.7556	-0.03102	-0.4554
0.7176	-0.1948	-0.5454
0.8285	-0.5014	-0.657
1.257	-0.6919	-0.7255
1.768	-0.645	-0.7413
1.921	-0.6296	-0.7854
1.715	-0.6233	-0.6554
1.523	-0.5316	-0.4201
1.15	-0.4991	-0.3824
0.849	-0.4406	-0.3526
0.9869	-0.3581	-0.2291
0.8965	-0.2665	-0.2024
0.6709	-0.1248	-0.2044
0.632	-0.1243	-0.1426
0.5562	-0.1714	-0.1344
0.6071	-0.2032	-0.1758
0.5955	-0.2867	-0.1728
0.5403	-0.2593	-0.1687
0.6664	-0.2269	-0.1724
0.6974	-0.2435	-0.1969
0.7026	-0.2287	-0.2526
0.7374	-0.2811	-0.2556
0.7539	-0.3548	-0.255
1.035	-0.3515	-0.2333
0.8769	0.05885	-0.1897
0.7175	0.04642	-0.2609
0.6701	-0.1256	-0.2205
0.4648	-0.1062	-0.1973
0.4903	-0.1726	-0.1767
0.5796	-0.2649	-0.1583
0.4604	-0.2441	-0.1856
0.5061	-0.2756	-0.1627
0.5717	-0.2569	-0.161
0.6109	-0.2221	-0.1909
0.6855	-0.2805	-0.2222
0.6352	-0.296	-0.273
0.6893	-0.3547	-0.2757
0.8133	-0.4486	-0.301
0.8416	-0.5245	-0.4287
0.8879	-0.5862	-0.6342
1.026	-0.4744	-0.8649
1.274	-0.3117	-0.9481
1.364	-0.1686	-0.8479
1.364	-0.02588	-0.7913
1.554	-0.05129	-0.85
1.599	-0.1153	-0.8334
1.391	-0.104	-0.6765
1.137	-0.09212	-0.5065
0.8806	-0.07708	-0.4263
0.7274	-0.1277	-0.4218
0.7125	-0.2198	-0.4103
0.7423	-0.2593	-0.3988
0.669	-0.2819	-0.3719
0.6044	-0.2589	-0.3034
0.6347	-0.1664	-0.274
0.5934	-0.1119	-0.2804
0.6114	-0.08491	-0.3348
0.6291	-0.04305	-0.3864
0.5752	-0.07138	-0.3141
0.6056	-0.1271	-0.23
0.5847	-0.1025	-0.2075
0.6451	-0.04359	-0.2277
0.7959	-0.007408	-0.2931
0.7955	0.005296	-0.3685
0.7556	-0.03102	-0.4554
0.7176	-0.1948	-0.5454
0.8285	-0.5014	-0.657
1.257	-0.6919	-0.7255
1.768	-0.645	-0.7413
1.921	-0.6296	-0.7854
1.715	-0.6233	-0.6554
1.523	-0.5316	-0.4201
1.15	-0.4991	-0.3824
0.849	-0.4406	-0.3526
0.9869	-0.3581	-0.2291
0.8965	-0.2665	-0.2024
0.6709	-0.1248	-0.2044
0.632	-0.1243	-0.1426
0.5562	-0.1714	-0.1344
0.6071	-0.2032	-0.1758
0.5955	-0.2867	-0.1728
0.5403	-0.2593	-0.1687
0.6664	-0.2269	-0.1724
0.6974	-0.2435	-0.1969
0.7026	-0.2287	-0.2526
0.7374	-0.2811	-0.2556
0.7539	-0.3548	-0.255
0.7622	-0.4171	-0.3069
0.6856	-0.4305	-0.4208
0.6706	-0.3558	-0.6023
0.7611	-0.3116	-0.701
1.09	-0.2972	-0.7163
1.485	-0.2902	-0.7746
1.41	-0.3379	-0.7817
1.298	-0.3747	-0.7102
1.511	-0.2554	-0.653
1.497	-0.08352	-0.5566
1.107	-0.04345	-0.4472
0.7061	0.0355	-0.3625
0.6404	0.08355	-0.2978
0.8443	-0.07071	-0.4096
0.8552	-0.1751	-0.4943
0.7606	-0.2233	-0.3427
0.7176	-0.2287	-0.2405
0.5782	-0.112	-0.2301
0.6318	-0.06193	-0.2688
0.7997	-0.04587	-0.3563
0.8295	-0.03878	-0.3586
0.8734	-0.04378	-0.3248
0.8305	0.02061	-0.2918
0.8069	-0.007628	-0.3332
0.7961	-0.09304	-0.4399
0.6203	-0.1817	-0.5318
0.5862	-0.2849	-0.6781
0.7767	-0.3286	-0.6906
1.118	-0.5022	-0.6143
1.432	-0.6637	-0.6604
1.481	-0.6179	-0.6246
1.495	-0.5943	-0.5311
1.534	-0.4643	-0.4692
1.398	-0.2279	-0.4001
1.132	-0.2294	-0.3968
0.9626	-0.2406	-0.3224
0.8991	-0.1089	-0.2259
0.7629	-0.1764	-0.2615
0.6567	-0.2912	-0.2694
0.6349	-0.2784	-0.2815
0.6469	-0.3585	-0.3273
0.6943	-0.3774	-0.2917
0.7109	-0.3019	-0.255
0.7726	-0.2551	-0.2469
0.8006	-0.1589	-0.2765
0.7009	-0.1667	-0.3124
0.6678	-0.2377	-0.2257
0.7538	-0.252	-0.1539
0.8575	-0.2858	-0.2479
0.876	-0.3112	-0.355
0.8868	-0.4058	-0.3548
0.9399	-0.4735	-0.3155
0.8444	-0.3605	-0.3593
0.6563	-0.2299	-0.6232
0.5431	-0.1794	-0.952
0.6914	-0.2262	-0.9732
1.269	-0.383	-0.9549
1.753	-0.4774	-1.106
1.535	-0.223	-0.8623
1.122	0.08451	-0.4589
1.106	-0.08958	-0.4756
1.049	-0.2949	-0.4967
0.9264	-0.2207	-0.4572
0.9848	-0.2074	-0.5441
0.7622	-0.4171	-0.3069
0.6856	-0.4305	-0.4208
0.6706	-0.3558	-0.6023
0.7611	-0.3116	-0.701
1.09	-0.2972	-0.7163
1.485	-0.2902	-0.7746
1.41	-0.3379	-0.7817
1.298	-0.3747	-0.7102
1.511	-0.2554	-0.653
1.497	-0.08352	-0.5566
1.107	-0.04345	-0.4472
0.7061	0.0355	-0.3625
0.6404	0.08355	-0.2978
0.8443	-0.07071	-0.4096
0.8552	-0.1751	-0.4943
0.7606	-0.2233	-0.3427
0.7176	-0.2287	-0.2405
0.5782	-0.112	-0.2301
0.6318	-0.06193	-0.2688
0.7997	-0.04587	-0.3563
0.8295	-0.03878	-0.3586
0.8734	-0.04378	-0.3248
0.8305	0.02061	-0.2918
0.8069	-0.007628	-0.3332
0.7961	-0.09304	-0.4399
0.6203	-0.1817	-0.5318
0.5862	-0.2849	-0.6781
0.7767	-0.3286	-0.6906
1.118	-0.5022	-0.6143
1.432	-0.6637	-0.6604
1.481	-0.6179	-0.6246
1.495	-0.5943	-0.5311
1.534	-0.4643	-0.4692
1.398	-0.2279	-0.4001
1.132	-0.2294	-0.3968
0.9626	-0.2406	-0.3224
0.8991	-0.1089	-0.2259
0.7629	-0.1764	-0.2615
0.6567	-0.2912	-0.2694
0.6349	-0.2784	-0.2815
0.6469	-0.3585	-0.3273
0.6943	-0.3774	-0.2917
0.7109	-0.3019	-0.255
0.7726	-0.2551	-0.2469
0.8006	-0.1589	-0.2765
0.7009	-0.1667	-0.3124
0.6678	-0.2377	-0.2257
0.7538	-0.252	-0.1539
0.8575	-0.2858	-0.2479
0.876	-0.3112	-0.355
0.8868	-0.4058	-0.3548
0.9399	-0.4735	-0.3155
0.8444	-0.3605	-0.3593
0.6563	-0.2299	-0.6232
0.5431	-0.1794	-0.952
0.6914	-0.2262	-0.9732
1.269	-0.383	-0.9549
1.753	-0.4774	-1.106
1.535	-0.223	-0.8623
1.122	0.08451	-0.4589
1.106	-0.08958	-0.4756
1.049	-0.2949	-0.4967
0.9264	-0.2207	-0.4572
0.9848	-0.2074	-0.5441
0.8258	-0.1187	-0.4898
0.6872	-0.03939	-0.3915
0.6917	-0.1225	-0.3449
0.644	-0.1382	-0.3185
0.7813	-0.2434	-0.3766
0.7916	-0.3292	-0.3662
0.7454	-0.1856	-0.3412
0.8629	-0.06739	-0.3686
0.8446	-0.0161	-0.3672
0.8251	-0.05088	-0.402
0.7377	-0.1074	-0.372
0.6584	-0.06563	-0.2928
0.7119	-0.0768	-0.3015
0.6671	-0.09982	-0.3356
0.7046	-0.1441	-0.3744
0.7912	-0.2769	-0.3458
0.8717	-0.2993	-0.2995
0.9389	-0.1704	-0.3529
0.8269	-0.03857	-0.3962
0.7355	-0.01983	-0.4625
0.6727	-0.09206	-0.5576
0.6827	-0.2417	-0.5881
0.8679	-0.5109	-0.6346
1.107	-0.6457	-0.6656
1.391	-0.5967	-0.6935
1.537	-0.6998	-0.758
1.601	-0.7913	-0.6025
1.491	-0.5983	-0.3251
0.9656	-0.3904	-0.2921
0.7386	-0.3238	-0.3004
0.94	-0.2986	-0.2008
0.9445	-0.3087	-0.1984
0.8027	-0.3126	-0.1874
0.6265	-0.2467	-0.1028
0.5269	-0.1602	-0.08657
0.5792	-0.1397	-0.09133
0.5871	-0.175	-0.09352
0.5599	-0.2141	-0.1248
0.5701	-0.2442	-0.1348
0.6456	-0.2254	-0.1297
0.7701	-0.1937	-0.1521
0.8556	-0.2327	-0.2193
0.8339	-0.2923	-0.2857
0.7337	-0.3413	-0.2787
0.6139	-0.3897	-0.3119
0.5352	-0.4015	-0.537
0.814	-0.4395	-0.8447
1.296	-0.5395	-1.01
1.492	-0.5586	-0.9786
1.587	-0.3404	-0.8982
1.572	-0.01828	-0.7622
1.241	0.05678	-0.5114
0.9173	-0.0004051	-0.4119
0.8188	-0.008777	-0.4626
0.858	-0.1908	-0.4396
0.8357	-0.3179	-0.447
0.753	-0.2221	-0.3948
0.7153	-0.2015	-0.2305
0.6446	-0.1816	-0.1922
0.6381	-0.1387	-0.2277
0.6659	-0.1562	-0.2805
0.6356	-0.1425	-0.3348
0.6869	-0.1559	-0.2775
0.7045	-0.1583	-0.2273
0.8258	-0.1187	-0.4898
0.6872	-0.03939	-0.3915
0.6917	-0.1225	-0.3449
0.644	-0.1382	-0.3185
0.7813	-0.2434	-0.3766
0.7916	-0.3292	-0.3662
0.7454	-0.1856	-0.3412
0.8629	-0.06739	-0.3686
0.8446	-0.0161	-0.3672
0.8251	-0.05088	-0.402
0.7377	-0.1074	-0.372
0.6584	-0.06563	-0.2928
0.7119	-0.0768	-0.3015
0.6671	-0.09982	-0.3356
0.7046	-0.1441	-0.3744
0.7912	-0.2769	-0.3458
0.8717	-0.2993	-0.2995
0.9389	-0.1704	-0.3529
0.8269	-0.03857	-0.3962
0.7355	-0.01983	-0.4625
0.6727	-0.09206	-0.5576
0.6827	-0.2417	-0.5881
0.8679	-0.5109	-0.6346
1.107	-0.6457	-0.6656
1.391	-0.5967	-0.6935
1.537	-0.6998	-0.758
1.601	-0.7913	-0.6025
1.491	-0.5983	-0.3251
0.9656	-0.3904	-0.2921
0.7386	-0.3238	-0.3004
0.94	-0.2986	-0.2008
0.9445	-0.3087	-0.1984
0.8027	-0.3126	-0.1874
0.6265	-0.2467	-0.1028
0.5269	-0.1602	-0.08657
0.5792	-0.1397	-0.09133
0.5871	-0.175	-0.09352
0.5599	-0.2141	-0.1248
0.5701	-0.2442	-0.1348
0.6456	-0.2254	-0.1297
0.7701	-0.1937	-0.1521
0.8556	-0.2327	-0.2193
0.8339	-0.2923	-0.2857
0.7337	-0.3413	-0.2787
0.6139	-0.3897	-0.3119
0.5352	-0.4015	-0.537
0.814	-0.4395	-0.8447
1.296	-0.5395	-1.01
1.492	-0.5586	-0.9786
1.587	-0.3404	-0.8982
1.572	-0.01828	-0.7622
1.241	0.05678	-0.5114
0.9173	-0.0004051	-0.4119
0.8188	-0.008777	-0.4626
0.858	-0.1908	-0.4396
0.8357	-0.3179	-0.447
0.753	-0.2221	-0.3948
0.7153	-0.2015	-0.2305
0.6446	-0.1816	-0.1922
0.6381	-0.1387	-0.2277
0.6659	-0.1562	-0.2805
0.6356	-0.1425	-0.3348
0.6869	-0.1559	-0.2775
0.7045	-0.1583	-0.2273
0.6847	-0.1032	-0.2755
0.7386	-0.0402	-0.3434
0.7564	0.005665	-0.3862
0.7452	-0.04156	-0.4197
0.6996	-0.1109	-0.4527
0.6603	-0.1693	-0.4767
0.7451	-0.3226	-0.5694
0.9994	-0.5102	-0.701
1.34	-0.5654	-0.6973
1.566	-0.572	-0.5941
1.783	-0.8218	-0.4466
1.845	-1.042	-0.2449
1.483	-0.7978	-0.2527
1.097	-0.4636	-0.3488
0.8348	-0.3286	-0.2116
0.7792	-0.1848	-0.2049
0.9153	-0.07926	-0.2709
0.7633	-0.1099	-0.1611
0.6209	-0.1639	-0.1722
0.5294	-0.1864	-0.1515
0.3247	-0.2214	-0.1012
0.4724	-0.2448	-0.1657
0.5677	-0.231	-0.1525
0.5593	-0.245	-0.2086
0.6996	-0.2531	-0.2774
0.6185	-0.2487	-0.2684
0.6866	-0.2983	-0.2947
0.816	-0.353	-0.2826
0.7323	-0.4064	-0.3484
0.7727	-0.4704	-0.5474
0.8169	-0.5097	-0.7939
1.062	-0.5219	-0.9393
1.513	-0.515	-0.9337
1.717	-0.4313	-0.9565
1.747	-0.1309	-0.8824
1.602	0.1498	-0.6833
1.202	0.05332	-0.4723
0.829	-0.07729	-0.3054
0.8227	-0.007455	-0.3654
0.9651	-0.0556	-0.4998
0.8946	-0.1266	-0.5792
0.781	-0.1235	-0.4958
0.7018	-0.2225	-0.2558
0.723	-0.2201	-0.2821
0.8499	-0.1223	-0.37
0.8106	-0.06847	-0.3362
0.7236	0.04581	-0.3623
0.6639	0.0525	-0.2853
0.5935	-0.02047	-0.2483
0.6416	-0.02618	-0.2735
0.7002	-0.06239	-0.2674
0.8109	-0.0557	-0.3331
0.9283	-0.03248	-0.2929
0.8704	-0.03257	-0.2522
0.8769	0.00788	-0.2828
0.9485	0.01688	-0.2594
0.9535	0.01512	-0.2806
0.9597	0.01247	-0.2703
0.9311	0.002239	-0.3032
0.953	-0.05166	-0.5453
1.016	-0.3193	-0.7876
1.124	-0.621	-0.7782
1.496	-0.6541	-0.6405
1.946	-0.6492	-0.5631
0.6847	-0.1032	-0.2755
0.7386	-0.0402	-0.3434
0.7564	0.005665	-0.3862
0.7452	-0.04156	-0.4197
0.6996	-0.1109	-0.4527
0.6603	-0.1693	-0.4767
0.7451	-0.3226	-0.5694
0.9994	-0.5102	-0.701
1.34	-0.5654	-0.6973
1.566	-0.572	-0.5941
1.783	-0.8218	-0.4466
1.845	-1.042	-0.2449
1.483	-0.7978	-0.2527
1.097	-0.4636	-0.3488
0.8348	-0.3286	-0.2116
0.7792	-0.1848	-0.2049
0.9153	-0.07926	-0.2709
0.7633	-0.1099	-0.1611
0.6209	-0.1639	-0.1722
0.5294	-0.1864	-0.1515
0.3247	-0.2214	-0.1012
0.4724	-0.2448	-0.1657
0.5677	-0.231	-0.1525
0.5593	-0.245	-0.2086
0.6996	-0.2531	-0.2774
0.6185	-0.2487	-0.2684
0.6866	-0.2983	-0.2947
0.816	-0.353	-0.2826
0.7323	-0.4064	-0.3484
0.7727	-0.4704	-0.5474
0.8169	-0.5097	-0.7939
1.062	-0.5219	-0.9393
1.513	-0.515	-0.9337
1.717	-0.4313	-0.9565
1.747	-0.1309	-0.8824
1.602	0.1498	-0.6833
1.202	0.05332	-0.4723
0.829	-0.07729	-0.3054
0.8227	-0.007455	-0.3654
0.9651	-0.0556	-0.4998
0.8946	-0.1266	-0.5792
0.781	-0.1235	-0.4958
0.7018	-0.2225	-0.2558
0.723	-0.2201	-0.2821
0.8499	-0.1223	-0.37
0.8106	-0.06847	-0.3362
0.7236	0.04581	-0.3623
0.6639	0.0525	-0.2853
0.5935	-0.02047	-0.2483
0.6416	-0.02618	-0.2735
0.7002	-0.06239	-0.2674
0.8109	-0.0557	-0.3331
0.9283	-0.03248	-0.2929
0.8704	-0.03257	-0.2522
0.8769	0.00788	-0.2828
0.9485	0.01688	-0.2594
0.9535	0.01512	-0.2806
0.9597	0.01247	-0.2703
0.9311	0.002239	-0.3032
0.953	-0.05166	-0.5453
1.016	-0.3193	-0.7876
1.124	-0.621	-0.7782
1.496	-0.6541	-0.6405
1.946	-0.6492	-0.5631
1.964	-0.6913	-0.4218
1.503	-0.4284	-0.4607
1.06	-0.1025	-0.6593
0.9054	-0.1236	-0.5213
1.013	-0.3618	-0.3979
1.102	-0.5544	-0.3991
0.8589	-0.3765	-0.359
0.7009	-0.1604	-0.4779
0.769	-0.3198	-0.4102
0.78	-0.3693	-0.2969
0.8126	-0.33	-0.3577
0.7286	-0.382	-0.2372
0.6138	-0.2892	-0.1477
0.6463	-0.2456	-0.1193
0.6574	-0.2351	-0.1125
0.6736	-0.1865	-0.1949
0.6649	-0.218	-0.1433
0.6523	-0.1941	-0.1138
0.6714	-0.1755	-0.09586
0.666	-0.184	-0.08261
0.7173	-0.1577	-0.212
0.7953	-0.1904	-0.29
0.8852	-0.2531	-0.3557
0.8963	-0.3693	-0.319
0.7604	-0.4501	-0.208
0.6152	-0.3696	-0.2707
0.5013	-0.2961	-0.362
0.5422	-0.263	-0.6481
0.8411	-0.2587	-1.114
1.324	-0.3765	-1.26
1.708	-0.4593	-1.111
1.751	-0.3233	-0.9828
1.691	-0.08847	-0.8628
1.426	0.06221	-0.599
0.8927	0.08816	-0.4431
0.7544	-0.07455	-0.4378
0.8742	-0.2994	-0.3296
0.782	-0.2831	-0.3555
0.7431	-0.1731	-0.3577
0.7018	-0.146	-0.2006
0.6261	-0.0747	-0.2533
0.668	-0.04831	-0.3051
0.6182	-0.07043	-0.3132
0.5713	-0.05406	-0.3563
0.5845	-0.1148	-0.2569
0.5556	-0.1998	-0.2298
0.6551	-0.2092	-0.2663
0.8236	-0.1586	-0.3107
0.9278	-0.0604	-0.4426
0.9123	0.02423	-0.5141
0.826	0.01996	-0.5422
0.7643	-0.1372	-0.5702
0.6257	-0.3689	-0.6239
0.7259	-0.5034	-0.6714
1.285	-0.5722	-0.7188
1.849	-0.7064	-0.8478
1.994	-0.7597	-0.7784
1.664	-0.6084	-0.5067
1.208	-0.5499	-0.3328
0.8446	-0.6011	-0.3088
0.85	-0.529	-0.3523
1.109	-0.4072	-0.2568
0.8826	-0.2327	-0.1844
0.6526	-0.0812	-0.2357
1.964	-0.6913	-0.4218
1.503	-0.4284	-0.4607
1.06	-0.1025	-0.6593
0.9054	-0.1236	-0.5213
1.013	-0.3618	-0.3979
1.102	-0.5544	-0.3991
0.8589	-0.3765	-0.359
0.7009	-0.1604	-0.4779
0.769	-0.3198	-0.4102
0.78	-0.3693	-0.2969
0.8126	-0.33	-0.3577
0.7286	-0.382	-0.2372
0.6138	-0.2892	-0.1477
0.6463	-0.2456	-0.1193
0.6574	-0.2351	-0.1125
0.6736	-0.1865	-0.1949
0.6649	-0.218	-0.1433
0.6523	-0.1941	-0.1138
0.6714	-0.1755	-0.09586
0.666	-0.184	-0.08261
0.7173	-0.1577	-0.212
0.7953	-0.1904	-0.29
0.8852	-0.2531	-0.3557
0.8963	-0.3693	-0.319
0.7604	-0.4501	-0.208
0.6152	-0.3696	-0.2707
0.5013	-0.2961	-0.362
0.5422	-0.263	-0.6481
0.8411	-0.2587	-1.114
1.324	-0.3765	-1.26
1.708	-0.4593	-1.111
1.751	-0.3233	-0.9828
1.691	-0.08847	-0.8628
1.426	0.06221	-0.599
0.8927	0.08816	-0.4431
0.7544	-0.07455	-0.4378
0.8742	-0.2994	-0.3296
0.782	-0.2831	-0.3555
0.7431	-0.1731	-0.3577
0.7018	-0.146	-0.2006
0.6261	-0.0747	-0.2533
0.668	-0.04831	-0.3051
0.6182	-0.07043	-0.3132
0.5713	-0.05406	-0.3563
0.5845	-0.1148	-0.2569
0.5556	-0.1998	-0.2298
0.6551	-0.2092	-0.2663
0.8236	-0.1586	-0.3107
0.9278	-0.0604	-0.4426
0.9123	0.02423	-0.5141
0.826	0.01996	-0.5422
0.7643	-0.1372	-0.5702
0.6257	-0.3689	-0.6239
0.7259	-0.5034	-0.6714
1.285	-0.5722	-0.7188
1.849	-0.7064	-0.8478
1.994	-0.7597	-0.7784
1.664	-0.6084	-0.5067
1.208	-0.5499	-0.3328
0.8446	-0.6011	-0.3088
0.85	-0.529	-0.3523
1.109	-0.4072	-0.2568
0.8826	-0.2327	-0.1844
0.6526	-0.0812	-0.2357
0.6259	-0.0772	-0.1876
0.4662	-0.1507	-0.21
0.612	-0.282	-0.2483
0.5689	-0.3409	-0.2108
0.462	-0.311	-0.2356
0.6633	-0.2794	-0.1963
0.5664	-0.2042	-0.2172
0.6117	-0.1632	-0.2744
0.717	-0.1587	-0.223
0.7603	-0.1874	-0.2565
0.9942	-0.3105	-0.3172
0.8164	-0.4102	-0.3849
0.6338	-0.4136	-0.4791
0.682	-0.4132	-0.5922
0.7803	-0.4436	-0.8323
1.158	-0.3824	-0.9535
1.394	-0.2484	-0.8898
1.51	-0.169	-0.8849
1.572	-0.1292	-0.8679
1.403	-0.08146	-0.6626
1.142	0.01589	-0.3902
0.7721	0.02806	-0.3272
0.6714	-0.0448	-0.3576
0.8236	-0.06339	-0.3514
0.7699	-0.2031	-0.414
0.7266	-0.2955	-0.3639
0.6815	-0.1874	-0.2455
0.5166	-0.1517	-0.2689
0.5333	-0.1136	-0.2832
0.7099	-0.1071	-0.2814
0.864	-0.1614	-0.2936
0.9169	-0.06058	-0.2915
0.7778	0.0289	-0.3967
0.6168	0.01314	-0.4956
0.5455	-0.1272	-0.4876
0.4905	-0.438	-0.5516
0.6651	-0.6265	-0.6707
1.178	-0.6144	-0.6585
1.689	-0.64	-0.624
1.808	-0.7116	-0.6751
1.596	-0.6158	-0.5872
1.314	-0.4386	-0.412
0.9208	-0.4189	-0.3487
0.7752	-0.4186	-0.317
1.034	-0.3895	-0.2755
1.008	-0.3799	-0.1831
0.7873	-0.2344	-0.1415
0.6614	-0.03551	-0.2132
0.5095	0.02418	-0.2081
0.567	-0.06118	-0.198
0.6152	-0.175	-0.2199
0.6057	-0.2532	-0.2141
0.711	-0.2908	-0.2404
0.6195	-0.2441	-0.2368
0.5934	-0.2568	-0.2315
0.7673	-0.3529	-0.2403
0.8484	-0.3982	-0.2475
0.8403	-0.4468	-0.3697
0.788	-0.467	-0.6061
0.854	-0.455	-0.8191
0.976	-0.4085	-0.8396
1.124	-0.2619	-0.747
1.303	-0.1284	-0.7465
1.3	-0.1079	-0.8057
0.6259	-0.0772	-0.1876
0.4662	-0.1507	-0.21
0.612	-0.282	-0.2483
0.5689	-0.3409	-0.2108
0.462	-0.311	-0.2356
0.6633	-0.2794	-0.1963
0.5664	-0.2042	-0.2172
0.6117	-0.1632	-0.2744
0.717	-0.1587	-0.223
0.7603	-0.1874	-0.2565
0.9942	-0.3105	-0.3172
0.8164	-0.4102	-0.3849
0.6338	-0.4136	-0.4791
0.682	-0.4132	-0.5922
0.7803	-0.4436	-0.8323
1.158	-0.3824	-0.9535
1.394	-0.2484	-0.8898
1.51	-0.169	-0.8849
1.572	-0.1292	-0.8679
1.403	-0.08146	-0.6626
1.142	0.01589	-0.3902
0.7721	0.02806	-0.3272
0.6714	-0.0448	-0.3576
0.8236	-0.06339	-0.3514
0.7699	-0.2031	-0.414
0.7266	-0.2955	-0.3639
0.6815	-0.1874	-0.2455
0.5166	-0.1517	-0.2689
0.5333	-0.1136	-0.2832
0.7099	-0.1071	-0.2814
0.864	-0.1614	-0.2936
0.9169	-0.06058	-0.2915
0.7778	0.0289	-0.3967
0.6168	0.01314	-0.4956
0.5455	-0.1272	-0.4876
0.4905	-0.438	-0.5516
0.6651	-0.6265	-0.6707
1.178	-0.6144	-0.6585
1.689	-0.64	-0.624
1.808	-0.7116	-0.6751
1.596	-0.6158	-0.5872
1.314	-0.4386	-0.412
0.9208	-0.4189	-0.3487
0.7752	-0.4186	-0.317
1.034	-0.3895	-0.2755
1.008	-0.3799	-0.1831
0.7873	-0.2344	-0.1415
0.6614	-0.03551	-0.2132
0.5095	0.02418	-0.2081
0.567	-0.06118	-0.198
0.6152	-0.175	-0.2199
0.6057	-0.2532	-0.2141
0.711	-0.2908	-0.2404
0.6195	-0.2441	-0.2368
0.5934	-0.2568	-0.2315
0.7673	-0.3529	-0.2403
0.8484	-0.3982	-0.2475
0.8403	-0.4468	-0.3697
0.788	-0.467	-0.6061
0.854	-0.455	-0.8191
0.976	-0.4085	-0.8396
1.124	-0.2619	-0.747
1.303	-0.1284	-0.7465
1.3	-0.1079	-0.8057
1.361	-0.176	-0.8233
1.401	-0.1749	-0.6636
1.077	-0.1311	-0.4279
0.7369	-0.1244	-0.3722
0.7104	-0.0593	-0.3716
0.845	-0.1237	-0.3904
0.8173	-0.2541	-0.4704
0.7393	-0.234	-0.3695
0.7012	-0.2016	-0.2075
0.5293	-0.1175	-0.188
0.494	-0.05525	-0.1594
0.6623	-0.123	-0.2187
0.8723	-0.1478	-0.4112
0.9783	-0.09748	-0.501
0.7565	-0.04511	-0.4977
0.4862	-0.07891	-0.5096
0.4333	-0.214	-0.5863
0.71	-0.3554	-0.6798
1.275	-0.3762	-0.7388
1.583	-0.3557	-0.8741
1.57	-0.5998	-0.8591
1.635	-0.934	-0.3676
1.645	-1.001	0.07541
1.294	-0.8963	-0.1828
0.8922	-0.7055	-0.52
0.8185	-0.3209	-0.3743
0.8671	0.05784	-0.3686
0.8253	0.01851	-0.3723
0.7035	-0.2279	-0.09471
0.6325	-0.3366	-0.1179
0.6259	-0.3884	-0.1746
0.6099	-0.2845	-0.115
0.7064	-0.141	-0.2315
0.8013	-0.1323	-0.2115
0.8004	-0.139	-0.2341
0.7741	-0.2216	-0.3371
0.7213	-0.2912	-0.2682
0.7175	-0.3606	-0.2821
0.6606	-0.4789	-0.3516
0.5892	-0.4625	-0.5004
0.6604	-0.459	-0.7787
0.8993	-0.4863	-0.9202
1.345	-0.4814	-0.9274
1.619	-0.4589	-0.8703
1.586	-0.1739	-0.7856
1.602	0.1716	-0.7457
1.412	0.1712	-0.6684
0.9038	0.01941	-0.4899
0.7275	-0.07053	-0.386
0.8597	-0.2402	-0.4535
0.8451	-0.3065	-0.465
0.8346	-0.1834	-0.397
0.7547	-0.2265	-0.3404
0.5055	-0.2049	-0.2338
0.4452	-0.0846	-0.2267
0.5549	-0.1642	-0.3163
0.6816	-0.1618	-0.3305
0.8386	-0.1713	-0.3658
0.9187	-0.2248	-0.4049
0.8702	-0.1067	-0.3748
0.8367	-0.05337	-0.3667
0.9301	-0.05355	-0.3752
0.9677	-0.06085	-0.4169
0.8946	-0.1055	-0.5195
