0.9455	-0.4316	-0.05446
0.992	-0.4264	-0.05517
1.02	-0.4034	-0.05793
1.066	-0.3925	-0.04541
1.071	-0.3787	-0.0492
1.001	-0.3346	-0.03655
0.9564	-0.3087	-0.01629
0.872	-0.3241	-0.01599
0.7703	-0.3412	-0.000222
0.7855	-0.3467	0.02754
0.7915	-0.3468	0.05449
0.7779	-0.328	0.07342
0.7989	-0.298	0.07927
0.8093	-0.2949	0.09381
0.8547	-0.3088	0.1098
0.8817	-0.3205	0.1385
0.8787	-0.3227	0.1822
0.8867	-0.2764	0.1846
0.893	-0.2173	0.154
0.963	-0.2358	0.1299
1.061	-0.3263	0.1091
1.115	-0.3941	0.1175
1.148	-0.3602	0.175
1.174	-0.2585	0.2334
1.177	-0.1994	0.2384
1.174	-0.2668	0.1991
1.231	-0.4755	0.1342
1.259	-0.6575	0.02387
1.162	-0.6072	-0.05388
0.9969	-0.4755	-0.02907
0.8672	-0.4458	-0.03525
0.8926	-0.4163	-0.1033
0.9641	-0.409	-0.1404
0.9384	-0.4374	-0.1497
0.8644	-0.4238	-0.08293
0.7714	-0.4467	0.008276
0.7722	-0.4345	0.01251
0.8343	-0.3602	0.01948
0.8089	-0.3218	-0.00362
0.8133	-0.2497	-0.0949
0.8219	-0.2159	-0.0904
0.805	-0.2434	-0.05847
0.9209	-0.2341	-0.07516
1.031	-0.2547	-0.02573
1.003	-0.2731	0.02657
0.929	-0.255	0.06154
0.9001	-0.2502	0.09615
0.9699	-0.2533	0.07556
1.059	-0.2597	0.09655
1.078	-0.2509	0.09927
1.045	-0.2365	0.02004
1.022	-0.203	-0.005569
1.019	-0.1692	0.008407
1.036	-0.2033	0.05206
1.128	-0.2762	0.08949
1.198	-0.3467	0.0355
1.17	-0.3932	-0.09623
1.143	-0.4811	-0.248
1.118	-0.6036	-0.2392
0.9906	-0.6204	-0.1557
0.8761	-0.6704	-0.1591
1.045	-0.7213	-0.09122
1.288	-0.4823	-0.0613
1.259	-0.237	-0.1193
1.154	-0.2497	-0.08495
1.07	-0.2745	-0.07901
0.8988	-0.2745	-0.0806
0.7691	-0.3304	-0.01124
0.7195	-0.3368	0.03177
0.6902	-0.2932	0.08768
0.6864	-0.2856	0.1096
0.6765	-0.2796	0.09504
0.6781	-0.2707	0.1182
0.7288	-0.2834	0.1099
0.8145	-0.2603	0.1127
0.8821	-0.2511	0.1315
0.8906	-0.2796	0.121
0.8704	-0.3162	0.1164
0.8711	-0.3994	0.09426
1.018	-0.4521	0.1146
1.301	-0.4173	0.2059
1.406	-0.2764	0.2823
1.233	-0.08895	0.2762
1.112	-0.1322	0.1668
1.218	-0.453	0.05762
1.263	-0.7144	0.01128
1.108	-0.6398	0.01803
0.9285	-0.3958	0.002463
0.8212	-0.2758	-0.1077
0.9291	-0.267	-0.1562
1.07	-0.369	-0.1105
0.9482	-0.4857	-0.05258
0.8319	-0.4459	0.04868
0.7791	-0.4041	0.08964
0.7183	-0.3648	0.02058
0.8191	-0.2791	-0.06663
0.895	-0.2689	-0.1134
0.8814	-0.2529	-0.09156
0.881	-0.2269	-0.03297
0.8494	-0.2262	0.02547
0.9077	-0.1993	0.04464
0.9849	-0.1939	0.0379
0.9741	-0.2083	0.05186
0.9872	-0.2553	0.04431
1.021	-0.3048	0.0187
1.059	-0.2717	0.0231
1.056	-0.1685	0.02763
1.044	-0.02563	0.01814
1.088	0.04147	0.02288
1.117	-0.05256	0.02127
1.201	-0.2194	0.00397
1.28	-0.3416	-0.01008
1.174	-0.3955	-0.0361
0.9754	-0.5331	-0.05861
0.8335	-0.727	-0.05735
0.8974	-0.7057	-0.0593
1.149	-0.6362	-0.07914
1.399	-0.6222	-0.08598
1.488	-0.3887	-0.06798
1.221	-0.2283	-0.04677
0.9034	-0.2618	-0.01677
0.893	-0.2229	-0.01896
0.809	-0.2679	-0.03781
0.6878	-0.2918	0.001362
0.777	-0.2731	0.03429
0.7403	-0.3314	0.06515
0.6506	-0.2641	0.1211
0.6782	-0.2204	0.1217
1.154	-0.2497	-0.08495
1.07	-0.2745	-0.07901
0.8988	-0.2745	-0.0806
0.7691	-0.3304	-0.01124
0.7195	-0.3368	0.03177
0.6902	-0.2932	0.08768
0.6864	-0.2856	0.1096
0.6765	-0.2796	0.09504
0.6781	-0.2707	0.1182
0.7288	-0.2834	0.1099
0.8145	-0.2603	0.1127
0.8821	-0.2511	0.1315
0.8906	-0.2796	0.121
0.8704	-0.3162	0.1164
0.8711	-0.3994	0.09426
1.018	-0.4521	0.1146
1.301	-0.4173	0.2059
1.406	-0.2764	0.2823
1.233	-0.08895	0.2762
1.112	-0.1322	0.1668
1.218	-0.453	0.05762
1.263	-0.7144	0.01128
1.108	-0.6398	0.01803
0.9285	-0.3958	0.002463
0.8212	-0.2758	-0.1077
0.9291	-0.267	-0.1562
1.07	-0.369	-0.1105
0.9482	-0.4857	-0.05258
0.8319	-0.4459	0.04868
0.7791	-0.4041	0.08964
0.7183	-0.3648	0.02058
0.8191	-0.2791	-0.06663
0.895	-0.2689	-0.1134
0.8814	-0.2529	-0.09156
0.881	-0.2269	-0.03297
0.8494	-0.2262	0.02547
0.9077	-0.1993	0.04464
0.9849	-0.1939	0.0379
0.9741	-0.2083	0.05186
0.9872	-0.2553	0.04431
1.021	-0.3048	0.0187
1.059	-0.2717	0.0231
1.056	-0.1685	0.02763
1.044	-0.02563	0.01814
1.088	0.04147	0.02288
1.117	-0.05256	0.02127
1.201	-0.2194	0.00397
1.28	-0.3416	-0.01008
1.174	-0.3955	-0.0361
0.9754	-0.5331	-0.05861
0.8335	-0.727	-0.05735
0.8974	-0.7057	-0.0593
1.149	-0.6362	-0.07914
1.399	-0.6222	-0.08598
1.488	-0.3887	-0.06798
1.221	-0.2283	-0.04677
0.9034	-0.2618	-0.01677
0.893	-0.2229	-0.01896
0.809	-0.2679	-0.03781
0.6878	-0.2918	0.001362
0.777	-0.2731	0.03429
0.7403	-0.3314	0.06515
0.6506	-0.2641	0.1211
0.6782	-0.2204	0.1217
0.7065	-0.2239	0.1137
0.8406	-0.2029	0.1419
0.9498	-0.2522	0.1566
0.8975	-0.2546	0.1501
0.8864	-0.3109	0.129
0.9606	-0.4034	0.09793
1.091	-0.4348	0.08871
1.279	-0.4748	0.1672
1.351	-0.3841	0.2582
1.215	-0.2716	0.2138
1.142	-0.3347	0.129
1.255	-0.5593	0.09221
1.269	-0.7507	0.06304
1.034	-0.5289	0.06187
0.7671	-0.177	-0.009487
0.7906	-0.2	-0.1532
1.042	-0.3528	-0.173
1.148	-0.4421	-0.1272
1.013	-0.5021	-0.06435
0.8054	-0.4308	0.07776
0.7476	-0.3506	0.1204
0.8184	-0.3014	0.02528
0.8583	-0.2314	-0.04438
0.9128	-0.2466	-0.07141
0.8998	-0.2293	-0.0485
0.8455	-0.1827	0.004464
0.9006	-0.2024	0.01862
0.9365	-0.1827	0.0391
0.9612	-0.2037	0.0766
0.9853	-0.2489	0.08634
0.9581	-0.2288	0.07361
0.9976	-0.2271	0.03415
1.038	-0.2121	0.005676
1.039	-0.1704	0.01163
1.083	-0.1533	0.03724
1.155	-0.1972	0.08015
1.254	-0.2926	0.0817
1.292	-0.3519	0.04343
1.232	-0.4201	-0.04685
1.138	-0.5643	-0.1712
1.032	-0.6629	-0.1438
0.9707	-0.6508	-0.05772
0.9301	-0.673	-0.07249
0.9514	-0.6815	-0.0626
1.157	-0.5116	-0.06532
1.322	-0.337	-0.09754
1.241	-0.2936	-0.06958
1.075	-0.3147	-0.06242
0.8946	-0.321	-0.04286
0.7458	-0.2869	0.00443
0.756	-0.3036	0.02136
0.7677	-0.2954	0.07222
0.6813	-0.2507	0.1073
0.6664	-0.2528	0.1056
0.6701	-0.2082	0.1169
0.702	-0.194	0.1236
0.848	-0.2144	0.1507
0.9147	-0.2166	0.1641
0.9272	-0.2925	0.155
0.9561	-0.3494	0.1456
0.9596	-0.3761	0.1159
1.098	-0.3986	0.1455
1.323	-0.3459	0.2512
1.397	-0.222	0.3255
0.7065	-0.2239	0.1137
0.8406	-0.2029	0.1419
0.9498	-0.2522	0.1566
0.8975	-0.2546	0.1501
0.8864	-0.3109	0.129
0.9606	-0.4034	0.09793
1.091	-0.4348	0.08871
1.279	-0.4748	0.1672
1.351	-0.3841	0.2582
1.215	-0.2716	0.2138
1.142	-0.3347	0.129
1.255	-0.5593	0.09221
1.269	-0.7507	0.06304
1.034	-0.5289	0.06187
0.7671	-0.177	-0.009487
0.7906	-0.2	-0.1532
1.042	-0.3528	-0.173
1.148	-0.4421	-0.1272
1.013	-0.5021	-0.06435
0.8054	-0.4308	0.07776
0.7476	-0.3506	0.1204
0.8184	-0.3014	0.02528
0.8583	-0.2314	-0.04438
0.9128	-0.2466	-0.07141
0.8998	-0.2293	-0.0485
0.8455	-0.1827	0.004464
0.9006	-0.2024	0.01862
0.9365	-0.1827	0.0391
0.9612	-0.2037	0.0766
0.9853	-0.2489	0.08634
0.9581	-0.2288	0.07361
0.9976	-0.2271	0.03415
1.038	-0.2121	0.005676
1.039	-0.1704	0.01163
1.083	-0.1533	0.03724
1.155	-0.1972	0.08015
1.254	-0.2926	0.0817
1.292	-0.3519	0.04343
1.232	-0.4201	-0.04685
1.138	-0.5643	-0.1712
1.032	-0.6629	-0.1438
0.9707	-0.6508	-0.05772
0.9301	-0.673	-0.07249
0.9514	-0.6815	-0.0626
1.157	-0.5116	-0.06532
1.322	-0.337	-0.09754
1.241	-0.2936	-0.06958
1.075	-0.3147	-0.06242
0.8946	-0.321	-0.04286
0.7458	-0.2869	0.00443
0.756	-0.3036	0.02136
0.7677	-0.2954	0.07222
0.6813	-0.2507	0.1073
0.6664	-0.2528	0.1056
0.6701	-0.2082	0.1169
0.702	-0.194	0.1236
0.848	-0.2144	0.1507
0.9147	-0.2166	0.1641
0.9272	-0.2925	0.155
0.9561	-0.3494	0.1456
0.9596	-0.3761	0.1159
1.098	-0.3986	0.1455
1.323	-0.3459	0.2512
1.397	-0.222	0.3255
1.206	-0.01594	0.2722
1.026	0.04795	0.1475
1.193	-0.3152	0.07354
1.362	-0.8523	-0.03177
1.282	-0.9705	-0.1073
1.087	-0.5691	-0.05766
0.851	-0.2111	-0.09854
0.8775	-0.2364	-0.1782
1.037	-0.4477	-0.1475
0.9691	-0.5858	-0.09603
0.8748	-0.5775	-0.006313
0.7942	-0.5268	0.04947
0.7826	-0.4646	-0.007707
0.9141	-0.3401	-0.08866
0.8973	-0.285	-0.1525
0.8493	-0.3343	-0.1122
0.8452	-0.3096	-0.0207
0.8179	-0.2718	-0.03364
0.929	-0.253	-0.04192
0.9815	-0.1556	0.0012
0.9594	-0.1374	0.02384
0.9745	-0.1752	0.08306
0.953	-0.153	0.1275
0.9784	-0.1623	0.102
0.974	-0.1517	0.08013
0.9774	-0.1265	0.04855
1.009	-0.1454	0.02246
0.988	-0.1445	0.04056
1.065	-0.1306	0.0676
1.15	-0.1385	0.1082
1.172	-0.2217	0.1204
1.213	-0.367	0.01208
1.282	-0.4867	-0.1539
1.308	-0.588	-0.206
1.125	-0.6497	-0.1653
0.9642	-0.6513	-0.1553
1.041	-0.6585	-0.1095
1.113	-0.5942	-0.03542
1.102	-0.3932	-0.06488
1.077	-0.2482	-0.1156
1.034	-0.2615	-0.1092
0.9761	-0.3475	-0.1058
0.8739	-0.4255	-0.05885
0.7321	-0.4221	0.03269
0.7074	-0.3627	0.06989
0.7781	-0.303	0.06844
0.7673	-0.2571	0.07349
0.7561	-0.2442	0.09423
0.7641	-0.247	0.1236
0.7764	-0.263	0.1429
0.8553	-0.2709	0.1536
0.9091	-0.2399	0.1512
0.9387	-0.2141	0.1636
0.9476	-0.2297	0.1779
0.9346	-0.2687	0.1345
0.9922	-0.3251	0.07358
1.124	-0.3936	0.07606
1.28	-0.374	0.1931
1.285	-0.2495	0.3232
1.141	-0.1868	0.2942
1.091	-0.3131	0.1682
1.141	-0.6144	0.02591
1.181	-0.7971	-0.1018
1.107	-0.5971	-0.09187
1.206	-0.01594	0.2722
1.026	0.04795	0.1475
1.193	-0.3152	0.07354
1.362	-0.8523	-0.03177
1.282	-0.9705	-0.1073
1.087	-0.5691	-0.05766
0.851	-0.2111	-0.09854
0.8775	-0.2364	-0.1782
1.037	-0.4477	-0.1475
0.9691	-0.5858	-0.09603
0.8748	-0.5775	-0.006313
0.7942	-0.5268	0.04947
0.7826	-0.4646	-0.007707
0.9141	-0.3401	-0.08866
0.8973	-0.285	-0.1525
0.8493	-0.3343	-0.1122
0.8452	-0.3096	-0.0207
0.8179	-0.2718	-0.03364
0.929	-0.253	-0.04192
0.9815	-0.1556	0.0012
0.9594	-0.1374	0.02384
0.9745	-0.1752	0.08306
0.953	-0.153	0.1275
0.9784	-0.1623	0.102
0.974	-0.1517	0.08013
0.9774	-0.1265	0.04855
1.009	-0.1454	0.02246
0.988	-0.1445	0.04056
1.065	-0.1306	0.0676
1.15	-0.1385	0.1082
1.172	-0.2217	0.1204
1.213	-0.367	0.01208
1.282	-0.4867	-0.1539
1.308	-0.588	-0.206
1.125	-0.6497	-0.1653
0.9642	-0.6513	-0.1553
1.041	-0.6585	-0.1095
1.113	-0.5942	-0.03542
1.102	-0.3932	-0.06488
1.077	-0.2482	-0.1156
1.034	-0.2615	-0.1092
0.9761	-0.3475	-0.1058
0.8739	-0.4255	-0.05885
0.7321	-0.4221	0.03269
0.7074	-0.3627	0.06989
0.7781	-0.303	0.06844
0.7673	-0.2571	0.07349
0.7561	-0.2442	0.09423
0.7641	-0.247	0.1236
0.7764	-0.263	0.1429
0.8553	-0.2709	0.1536
0.9091	-0.2399	0.1512
0.9387	-0.2141	0.1636
0.9476	-0.2297	0.1779
0.9346	-0.2687	0.1345
0.9922	-0.3251	0.07358
1.124	-0.3936	0.07606
1.28	-0.374	0.1931
1.285	-0.2495	0.3232
1.141	-0.1868	0.2942
1.091	-0.3131	0.1682
1.141	-0.6144	0.02591
1.181	-0.7971	-0.1018
1.107	-0.5971	-0.09187
0.9189	-0.2893	-0.08811
0.8185	-0.2066	-0.1989
0.9654	-0.3003	-0.1926
1.13	-0.4397	-0.09603
0.9327	-0.5289	0.005229
0.6809	-0.4991	0.0974
0.713	-0.4056	0.03589
0.7663	-0.3205	-0.04895
0.8504	-0.2581	-0.09893
0.9292	-0.2355	-0.1473
0.8655	-0.2133	-0.09157
0.8761	-0.1784	-0.07157
0.9461	-0.1799	-0.05213
0.99	-0.1818	0.02483
1.005	-0.175	0.03569
0.9895	-0.1899	0.0736
1.026	-0.1957	0.0755
1.024	-0.1913	0.03972
1.006	-0.1779	0.06177
1.022	-0.1628	0.03304
1.006	-0.1749	0.0413
1.028	-0.1792	0.07839
1.051	-0.1518	0.0582
1.05	-0.1449	0.0817
1.092	-0.2262	0.08619
1.184	-0.3596	0.02082
1.291	-0.4256	-0.09013
1.254	-0.461	-0.1896
1.094	-0.5636	-0.1774
0.9828	-0.6531	-0.1563
0.9879	-0.6658	-0.1621
1.121	-0.6678	-0.1104
1.203	-0.6537	-0.06442
1.153	-0.5504	-0.05285
1.106	-0.3669	-0.03964
1.066	-0.2214	-0.05744
1.028	-0.215	-0.09373
0.9767	-0.2773	-0.06358
0.874	-0.3168	-0.004414
0.7986	-0.3336	0.02257
0.7665	-0.3206	0.07472
0.7179	-0.3011	0.123
0.6857	-0.2807	0.1343
0.7086	-0.2554	0.1439
0.7557	-0.2576	0.1361
0.8364	-0.2431	0.1371
0.9157	-0.214	0.1475
0.9169	-0.2202	0.1501
0.9175	-0.2407	0.1598
0.9692	-0.2947	0.1386
1.044	-0.3735	0.1155
1.145	-0.3972	0.1362
1.238	-0.3323	0.1864
1.285	-0.2198	0.2381
1.25	-0.1768	0.2223
1.213	-0.314	0.1471
1.243	-0.579	0.06365
1.215	-0.71	0.001931
1.087	-0.5689	0.01296
0.9233	-0.3877	0.009476
0.8582	-0.3039	-0.09272
0.9689	-0.2337	-0.1951
1.019	-0.2787	-0.2152
0.9362	-0.425	-0.1056
0.9189	-0.2893	-0.08811
0.8185	-0.2066	-0.1989
0.9654	-0.3003	-0.1926
1.13	-0.4397	-0.09603
0.9327	-0.5289	0.005229
0.6809	-0.4991	0.0974
0.713	-0.4056	0.03589
0.7663	-0.3205	-0.04895
0.8504	-0.2581	-0.09893
0.9292	-0.2355	-0.1473
0.8655	-0.2133	-0.09157
0.8761	-0.1784	-0.07157
0.9461	-0.1799	-0.05213
0.99	-0.1818	0.02483
1.005	-0.175	0.03569
0.9895	-0.1899	0.0736
1.026	-0.1957	0.0755
1.024	-0.1913	0.03972
1.006	-0.1779	0.06177
1.022	-0.1628	0.03304
1.006	-0.1749	0.0413
1.028	-0.1792	0.07839
1.051	-0.1518	0.0582
1.05	-0.1449	0.0817
1.092	-0.2262	0.08619
1.184	-0.3596	0.02082
1.291	-0.4256	-0.09013
1.254	-0.461	-0.1896
1.094	-0.5636	-0.1774
0.9828	-0.6531	-0.1563
0.9879	-0.6658	-0.1621
1.121	-0.6678	-0.1104
1.203	-0.6537	-0.06442
1.153	-0.5504	-0.05285
1.106	-0.3669	-0.03964
1.066	-0.2214	-0.05744
1.028	-0.215	-0.09373
0.9767	-0.2773	-0.06358
0.874	-0.3168	-0.004414
0.7986	-0.3336	0.02257
0.7665	-0.3206	0.07472
0.7179	-0.3011	0.123
0.6857	-0.2807	0.1343
0.7086	-0.2554	0.1439
0.7557	-0.2576	0.1361
0.8364	-0.2431	0.1371
0.9157	-0.214	0.1475
0.9169	-0.2202	0.1501
0.9175	-0.2407	0.1598
0.9692	-0.2947	0.1386
1.044	-0.3735	0.1155
1.145	-0.3972	0.1362
1.238	-0.3323	0.1864
1.285	-0.2198	0.2381
1.25	-0.1768	0.2223
1.213	-0.314	0.1471
1.243	-0.579	0.06365
1.215	-0.71	0.001931
1.087	-0.5689	0.01296
0.9233	-0.3877	0.009476
0.8582	-0.3039	-0.09272
0.9689	-0.2337	-0.1951
1.019	-0.2787	-0.2152
0.9362	-0.425	-0.1056
0.8409	-0.4618	0.04637
0.7459	-0.4342	0.05878
0.7785	-0.3728	-0.002013
0.9016	-0.2539	-0.05144
0.9515	-0.2022	-0.09971
0.9584	-0.2096	-0.07799
0.9051	-0.2339	-0.01677
0.8519	-0.2478	0.02049
0.8652	-0.2142	0.03197
0.8532	-0.1917	0.02074
0.8721	-0.1967	0.02866
0.9704	-0.2385	0.04148
1.065	-0.2751	0.04127
1.069	-0.2547	0.04019
1.007	-0.2319	0.007094
1.012	-0.219	-0.02262
1.034	-0.2106	-0.004649
1.061	-0.1731	0.03843
1.136	-0.1196	0.0993
1.143	-0.1419	0.1239
1.207	-0.2148	0.04299
1.384	-0.3089	-0.08651
1.421	-0.411	-0.1495
1.269	-0.4884	-0.1427
1.045	-0.6053	-0.154
0.8904	-0.6898	-0.1696
0.9283	-0.6304	-0.13
1.102	-0.5532	-0.08092
1.218	-0.4662	-0.04998
1.154	-0.3678	-0.03883
1.053	-0.3396	-0.0509
1.026	-0.2885	-0.04867
0.9317	-0.2953	-0.04862
0.802	-0.3446	-0.01371
0.7861	-0.3217	0.07281
0.7709	-0.3616	0.09953
0.7099	-0.3411	0.1153
0.6968	-0.2547	0.1448
0.728	-0.2328	0.1225
0.8197	-0.1827	0.1251
0.9263	-0.1933	0.137
0.9489	-0.2165	0.127
0.9087	-0.2215	0.1344
0.8968	-0.2968	0.126
0.9471	-0.3456	0.1184
1.007	-0.4328	0.1271
1.097	-0.4679	0.1652
1.222	-0.3094	0.2598
1.278	-0.1665	0.3125
1.237	-0.2059	0.2411
1.195	-0.4368	0.1108
1.228	-0.6314	0.02603
1.204	-0.5688	0.02104
1.039	-0.3954	0.02248
0.881	-0.2746	-0.06777
0.8805	-0.2464	-0.1761
1.034	-0.3998	-0.1675
1.083	-0.5884	-0.09401
0.9246	-0.5475	-0.002953
0.7666	-0.4627	0.0761
0.7592	-0.4274	0.03811
0.8567	-0.3022	-0.05339
0.884	-0.2533	-0.1107
0.8688	-0.2545	-0.1335
0.8409	-0.4618	0.04637
0.7459	-0.4342	0.05878
0.7785	-0.3728	-0.002013
0.9016	-0.2539	-0.05144
0.9515	-0.2022	-0.09971
0.9584	-0.2096	-0.07799
0.9051	-0.2339	-0.01677
0.8519	-0.2478	0.02049
0.8652	-0.2142	0.03197
0.8532	-0.1917	0.02074
0.8721	-0.1967	0.02866
0.9704	-0.2385	0.04148
1.065	-0.2751	0.04127
1.069	-0.2547	0.04019
1.007	-0.2319	0.007094
1.012	-0.219	-0.02262
1.034	-0.2106	-0.004649
1.061	-0.1731	0.03843
1.136	-0.1196	0.0993
1.143	-0.1419	0.1239
1.207	-0.2148	0.04299
1.384	-0.3089	-0.08651
1.421	-0.411	-0.1495
1.269	-0.4884	-0.1427
1.045	-0.6053	-0.154
0.8904	-0.6898	-0.1696
0.9283	-0.6304	-0.13
1.102	-0.5532	-0.08092
1.218	-0.4662	-0.04998
1.154	-0.3678	-0.03883
1.053	-0.3396	-0.0509
1.026	-0.2885	-0.04867
0.9317	-0.2953	-0.04862
0.802	-0.3446	-0.01371
0.7861	-0.3217	0.07281
0.7709	-0.3616	0.09953
0.7099	-0.3411	0.1153
0.6968	-0.2547	0.1448
0.728	-0.2328	0.1225
0.8197	-0.1827	0.1251
0.9263	-0.1933	0.137
0.9489	-0.2165	0.127
0.9087	-0.2215	0.1344
0.8968	-0.2968	0.126
0.9471	-0.3456	0.1184
1.007	-0.4328	0.1271
1.097	-0.4679	0.1652
1.222	-0.3094	0.2598
1.278	-0.1665	0.3125
1.237	-0.2059	0.2411
1.195	-0.4368	0.1108
1.228	-0.6314	0.02603
1.204	-0.5688	0.02104
1.039	-0.3954	0.02248
0.881	-0.2746	-0.06777
0.8805	-0.2464	-0.1761
1.034	-0.3998	-0.1675
1.083	-0.5884	-0.09401
0.9246	-0.5475	-0.002953
0.7666	-0.4627	0.0761
0.7592	-0.4274	0.03811
0.8567	-0.3022	-0.05339
0.884	-0.2533	-0.1107
0.8688	-0.2545	-0.1335
0.865	-0.2209	-0.08075
0.8398	-0.2418	-0.03098
0.9081	-0.2124	-0.02296
0.9802	-0.1697	0.02507
0.9696	-0.1843	0.07013
0.9671	-0.184	0.1048
0.9671	-0.1868	0.1323
0.9851	-0.175	0.09169
1.002	-0.1639	0.05484
1.016	-0.1888	0.05474
1.032	-0.2055	0.05574
1.059	-0.201	0.07986
1.189	-0.2059	0.08816
1.364	-0.2706	0.01534
1.424	-0.3885	-0.1089
1.275	-0.5228	-0.1555
1.013	-0.6302	-0.1071
0.8246	-0.6535	-0.08677
0.764	-0.6461	-0.08319
0.8485	-0.6382	-0.06109
1.058	-0.5141	-0.07016
1.265	-0.2877	-0.08665
1.167	-0.1981	-0.08953
0.9157	-0.2829	-0.09659
0.9538	-0.3169	-0.09138
0.9088	-0.3266	-0.07084
0.7019	-0.3987	-0.01672
0.699	-0.3818	0.06276
0.6877	-0.3305	0.08827
0.6853	-0.3472	0.09777
0.7025	-0.3116	0.143
0.6648	-0.2664	0.1389
0.7449	-0.2568	0.1094
0.8257	-0.2265	0.1176
0.9034	-0.2434	0.1206
0.9564	-0.2883	0.127
0.9463	-0.3532	0.1332
1.033	-0.4486	0.1247
1.129	-0.4486	0.1343
1.255	-0.3734	0.1394
1.351	-0.2839	0.1376
1.309	-0.2697	0.1198
1.34	-0.4851	0.0463
1.325	-0.6752	0.007021
1.099	-0.5196	0.08194
0.7864	-0.2704	0.1314
0.644	-0.2372	-0.01032
0.8934	-0.3263	-0.1867
1.114	-0.4463	-0.1737
0.9666	-0.5214	-0.07633
0.8066	-0.4525	0.02536
0.7424	-0.3858	0.1088
0.7598	-0.341	0.02434
0.92	-0.2537	-0.09892
0.9528	-0.2174	-0.08567
0.8942	-0.1913	-0.05633
0.912	-0.1774	-0.02361
0.8868	-0.1883	0.03174
0.8894	-0.152	0.03476
0.9038	-0.138	0.04416
0.9024	-0.1885	0.06739
0.9534	-0.2608	0.06975
0.9503	-0.2912	0.07955
0.9762	-0.2722	0.03703
0.865	-0.2209	-0.08075
0.8398	-0.2418	-0.03098
0.9081	-0.2124	-0.02296
0.9802	-0.1697	0.02507
0.9696	-0.1843	0.07013
0.9671	-0.184	0.1048
0.9671	-0.1868	0.1323
0.9851	-0.175	0.09169
1.002	-0.1639	0.05484
1.016	-0.1888	0.05474
1.032	-0.2055	0.05574
1.059	-0.201	0.07986
1.189	-0.2059	0.08816
1.364	-0.2706	0.01534
1.424	-0.3885	-0.1089
1.275	-0.5228	-0.1555
1.013	-0.6302	-0.1071
0.8246	-0.6535	-0.08677
0.764	-0.6461	-0.08319
0.8485	-0.6382	-0.06109
1.058	-0.5141	-0.07016
1.265	-0.2877	-0.08665
1.167	-0.1981	-0.08953
0.9157	-0.2829	-0.09659
0.9538	-0.3169	-0.09138
0.9088	-0.3266	-0.07084
0.7019	-0.3987	-0.01672
0.699	-0.3818	0.06276
0.6877	-0.3305	0.08827
0.6853	-0.3472	0.09777
0.7025	-0.3116	0.143
0.6648	-0.2664	0.1389
0.7449	-0.2568	0.1094
0.8257	-0.2265	0.1176
0.9034	-0.2434	0.1206
0.9564	-0.2883	0.127
0.9463	-0.3532	0.1332
1.033	-0.4486	0.1247
1.129	-0.4486	0.1343
1.255	-0.3734	0.1394
1.351	-0.2839	0.1376
1.309	-0.2697	0.1198
1.34	-0.4851	0.0463
1.325	-0.6752	0.007021
1.099	-0.5196	0.08194
0.7864	-0.2704	0.1314
0.644	-0.2372	-0.01032
0.8934	-0.3263	-0.1867
1.114	-0.4463	-0.1737
0.9666	-0.5214	-0.07633
0.8066	-0.4525	0.02536
0.7424	-0.3858	0.1088
0.7598	-0.341	0.02434
0.92	-0.2537	-0.09892
0.9528	-0.2174	-0.08567
0.8942	-0.1913	-0.05633
0.912	-0.1774	-0.02361
0.8868	-0.1883	0.03174
0.8894	-0.152	0.03476
0.9038	-0.138	0.04416
0.9024	-0.1885	0.06739
0.9534	-0.2608	0.06975
0.9503	-0.2912	0.07955
0.9762	-0.2722	0.03703
1.053	-0.2815	-0.02911
1.065	-0.2803	-0.01322
1.084	-0.2172	0.06555
1.135	-0.1648	0.1565
1.203	-0.192	0.1553
1.264	-0.2803	-0.008547
1.333	-0.3775	-0.1674
1.338	-0.4431	-0.1594
1.149	-0.4762	-0.1029
0.8809	-0.5904	-0.09975
0.7334	-0.7119	-0.0609
0.9534	-0.6174	-0.0443
1.345	-0.4299	-0.08199
1.379	-0.2952	-0.05466
1.179	-0.2191	-0.04744
1.01	-0.2139	-0.06383
0.8999	-0.2132	-0.03556
0.8156	-0.2843	-0.03437
0.7004	-0.3444	0.01812
0.7357	-0.3183	0.08489
0.7592	-0.3623	0.07931
0.6705	-0.3228	0.09655
0.7032	-0.2431	0.1088
0.7107	-0.2572	0.1143
0.7692	-0.2233	0.1305
0.9179	-0.2515	0.1221
0.9518	-0.301	0.1273
0.9684	-0.3275	0.1209
0.9278	-0.433	0.07946
0.9275	-0.489	0.05341
1.12	-0.4585	0.127
1.299	-0.2798	0.2475
1.309	-0.05642	0.2504
1.235	-0.06436	0.2062
1.272	-0.2468	0.1677
1.278	-0.4932	0.07803
1.172	-0.6348	0.04811
1.044	-0.5026	0.06418
0.8303	-0.316	-0.02602
0.8448	-0.3123	-0.1572
1.047	-0.3879	-0.1923
1.049	-0.4581	-0.1592
0.9406	-0.5101	-0.09398
0.7909	-0.4552	0.00331
0.8036	-0.3685	0.01256
0.9368	-0.2676	-0.07362
0.918	-0.183	-0.1068
0.937	-0.2342	-0.09885
0.9167	-0.2647	-0.07914
0.8619	-0.2721	-0.03553
0.9422	-0.2831	-0.01921
0.95	-0.2065	-0.008228
0.946	-0.1935	0.01427
0.9695	-0.2297	0.04294
0.9654	-0.2524	0.08322
0.9903	-0.2682	0.08784
0.9569	-0.2221	0.05664
0.9524	-0.2063	0.02927
0.9954	-0.1983	0.03915
1.013	-0.1338	0.06108
1.046	-0.09682	0.05548
1.118	-0.1788	0.04978
1.272	-0.3256	0.008087
1.32	-0.3508	-0.06233
1.053	-0.2815	-0.02911
1.065	-0.2803	-0.01322
1.084	-0.2172	0.06555
1.135	-0.1648	0.1565
1.203	-0.192	0.1553
1.264	-0.2803	-0.008547
1.333	-0.3775	-0.1674
1.338	-0.4431	-0.1594
1.149	-0.4762	-0.1029
0.8809	-0.5904	-0.09975
0.7334	-0.7119	-0.0609
0.9534	-0.6174	-0.0443
1.345	-0.4299	-0.08199
1.379	-0.2952	-0.05466
1.179	-0.2191	-0.04744
1.01	-0.2139	-0.06383
0.8999	-0.2132	-0.03556
0.8156	-0.2843	-0.03437
0.7004	-0.3444	0.01812
0.7357	-0.3183	0.08489
0.7592	-0.3623	0.07931
0.6705	-0.3228	0.09655
0.7032	-0.2431	0.1088
0.7107	-0.2572	0.1143
0.7692	-0.2233	0.1305
0.9179	-0.2515	0.1221
0.9518	-0.301	0.1273
0.9684	-0.3275	0.1209
0.9278	-0.433	0.07946
0.9275	-0.489	0.05341
1.12	-0.4585	0.127
1.299	-0.2798	0.2475
1.309	-0.05642	0.2504
1.235	-0.06436	0.2062
1.272	-0.2468	0.1677
1.278	-0.4932	0.07803
1.172	-0.6348	0.04811
1.044	-0.5026	0.06418
0.8303	-0.316	-0.02602
0.8448	-0.3123	-0.1572
1.047	-0.3879	-0.1923
1.049	-0.4581	-0.1592
0.9406	-0.5101	-0.09398
0.7909	-0.4552	0.00331
0.8036	-0.3685	0.01256
0.9368	-0.2676	-0.07362
0.918	-0.183	-0.1068
0.937	-0.2342	-0.09885
0.9167	-0.2647	-0.07914
0.8619	-0.2721	-0.03553
0.9422	-0.2831	-0.01921
0.95	-0.2065	-0.008228
0.946	-0.1935	0.01427
0.9695	-0.2297	0.04294
0.9654	-0.2524	0.08322
0.9903	-0.2682	0.08784
0.9569	-0.2221	0.05664
0.9524	-0.2063	0.02927
0.9954	-0.1983	0.03915
1.013	-0.1338	0.06108
1.046	-0.09682	0.05548
1.118	-0.1788	0.04978
1.272	-0.3256	0.008087
1.32	-0.3508	-0.06233
1.218	-0.3955	-0.1305
1.105	-0.5804	-0.2317
0.9579	-0.6599	-0.253
0.9921	-0.6359	-0.1689
1.169	-0.6586	-0.1038
1.193	-0.6438	-0.04562
1.166	-0.4611	-0.03056
1.103	-0.2066	-0.05447
1.023	-0.1262	-0.02586
0.9913	-0.2186	-0.02516
0.8602	-0.2806	-0.01723
0.755	-0.2825	0.04412
0.7679	-0.3056	0.05349
0.7535	-0.3036	0.08128
0.7338	-0.287	0.1064
0.7108	-0.2966	0.08432
0.7047	-0.2706	0.1177
0.784	-0.2713	0.1394
0.8968	-0.2857	0.14
0.943	-0.2611	0.1521
0.8961	-0.2631	0.1388
0.8872	-0.2483	0.1371
0.9695	-0.2629	0.1207
1.12	-0.3231	0.1149
1.284	-0.3137	0.17
1.275	-0.2454	0.2281
1.182	-0.1693	0.2357
1.201	-0.2319	0.1588
1.249	-0.4896	0.03559
1.276	-0.7129	-0.03602
1.181	-0.673	0.01768
0.9024	-0.4289	0.06938
0.7487	-0.2483	-0.04561
0.8653	-0.1992	-0.1569
0.9961	-0.2975	-0.1537
0.9686	-0.4555	-0.1089
0.8722	-0.4508	-0.0265
0.8119	-0.4391	0.01018
0.8376	-0.4374	-0.01399
0.9289	-0.3439	-0.03897
0.9303	-0.3071	-0.06868
0.8905	-0.2549	-0.06702
0.906	-0.2089	-0.04471
0.9143	-0.2004	-0.02587
0.9553	-0.1425	-0.003461
0.9468	-0.1444	0.02139
0.9032	-0.1617	0.06362
0.9324	-0.1792	0.09962
0.9525	-0.2217	0.09969
1.019	-0.2067	0.04325
1.054	-0.1988	-0.03403
1.006	-0.1949	-0.04151
1.025	-0.1751	0.006296
1.032	-0.1952	0.07249
1.059	-0.2608	0.1607
1.119	-0.3375	0.2
1.14	-0.3431	0.1357
1.265	-0.3218	-0.01483
1.416	-0.3537	-0.1818
1.315	-0.4021	-0.1985
0.9796	-0.5009	-0.1294
0.7192	-0.6361	-0.1839
0.7695	-0.6386	-0.1946
1.015	-0.5653	-0.09984
1.218	-0.3955	-0.1305
1.105	-0.5804	-0.2317
0.9579	-0.6599	-0.253
0.9921	-0.6359	-0.1689
1.169	-0.6586	-0.1038
1.193	-0.6438	-0.04562
1.166	-0.4611	-0.03056
1.103	-0.2066	-0.05447
1.023	-0.1262	-0.02586
0.9913	-0.2186	-0.02516
0.8602	-0.2806	-0.01723
0.755	-0.2825	0.04412
0.7679	-0.3056	0.05349
0.7535	-0.3036	0.08128
0.7338	-0.287	0.1064
0.7108	-0.2966	0.08432
0.7047	-0.2706	0.1177
0.784	-0.2713	0.1394
0.8968	-0.2857	0.14
0.943	-0.2611	0.1521
0.8961	-0.2631	0.1388
0.8872	-0.2483	0.1371
0.9695	-0.2629	0.1207
1.12	-0.3231	0.1149
1.284	-0.3137	0.17
1.275	-0.2454	0.2281
1.182	-0.1693	0.2357
1.201	-0.2319	0.1588
1.249	-0.4896	0.03559
1.276	-0.7129	-0.03602
1.181	-0.673	0.01768
0.9024	-0.4289	0.06938
0.7487	-0.2483	-0.04561
0.8653	-0.1992	-0.1569
0.9961	-0.2975	-0.1537
0.9686	-0.4555	-0.1089
0.8722	-0.4508	-0.0265
0.8119	-0.4391	0.01018
0.8376	-0.4374	-0.01399
0.9289	-0.3439	-0.03897
0.9303	-0.3071	-0.06868
0.8905	-0.2549	-0.06702
0.906	-0.2089	-0.04471
0.9143	-0.2004	-0.02587
0.9553	-0.1425	-0.003461
0.9468	-0.1444	0.02139
0.9032	-0.1617	0.06362
0.9324	-0.1792	0.09962
0.9525	-0.2217	0.09969
1.019	-0.2067	0.04325
1.054	-0.1988	-0.03403
1.006	-0.1949	-0.04151
1.025	-0.1751	0.006296
1.032	-0.1952	0.07249
1.059	-0.2608	0.1607
1.119	-0.3375	0.2
1.14	-0.3431	0.1357
1.265	-0.3218	-0.01483
1.416	-0.3537	-0.1818
1.315	-0.4021	-0.1985
0.9796	-0.5009	-0.1294
0.7192	-0.6361	-0.1839
0.7695	-0.6386	-0.1946
1.015	-0.5653	-0.09984
1.205	-0.5377	-0.05159
1.276	-0.4178	-0.003333
1.182	-0.2812	-0.01473
1.005	-0.2411	-0.04976
0.9507	-0.204	-0.02156
0.8708	-0.2471	-0.02475
0.7903	-0.3009	0.02349
0.8239	-0.2975	0.08459
0.7515	-0.3311	0.0921
0.7055	-0.2983	0.1335
0.7001	-0.2587	0.1414
0.6678	-0.2602	0.1469
0.7928	-0.2341	0.1639
0.8687	-0.2579	0.1499
0.879	-0.2782	0.1609
0.923	-0.3224	0.1566
0.9223	-0.4004	0.1435
0.9772	-0.3903	0.1165
1.074	-0.3436	0.08057
1.209	-0.2398	0.1421
1.255	-0.1047	0.2285
1.163	-0.07262	0.2366
1.174	-0.1968	0.1741
1.229	-0.5036	0.04109
1.292	-0.8048	-0.06389
1.285	-0.8247	-0.006293
1.017	-0.5182	0.05395
0.7815	-0.1684	-0.07805
0.8714	-0.1265	-0.1876
1.062	-0.3545	-0.1603
1.06	-0.5418	-0.1168
0.9148	-0.5442	-0.02193
0.755	-0.5198	0.05433
0.7468	-0.4821	0.02016
0.9069	-0.3279	-0.04443
0.934	-0.2717	-0.09645
0.9222	-0.3065	-0.1082
0.9196	-0.2594	-0.09161
0.8535	-0.2531	-0.08521
0.944	-0.2603	-0.06003
0.9994	-0.2192	-0.004239
0.9623	-0.2013	0.03492
0.967	-0.1826	0.04478
0.9316	-0.1797	0.06662
0.9728	-0.2003	0.08005
0.9983	-0.2146	0.0541
0.9524	-0.2172	0.03141
0.9503	-0.2082	0.03024
0.9656	-0.2163	0.008592
1.029	-0.2131	-0.009074
1.071	-0.2148	0.07073
1.105	-0.2689	0.1778
1.183	-0.3092	0.1569
1.264	-0.3042	0.02547
1.317	-0.3181	-0.1201
1.225	-0.4115	-0.1952
1.079	-0.519	-0.187
1.001	-0.5498	-0.1859
1.023	-0.5357	-0.1514
1.14	-0.5022	-0.04794
1.197	-0.4264	-0.0245
1.201	-0.3188	-0.0513
1.129	-0.2762	-0.04938
1.002	-0.2756	-0.07603
1.205	-0.5377	-0.05159
1.276	-0.4178	-0.003333
1.182	-0.2812	-0.01473
1.005	-0.2411	-0.04976
0.9507	-0.204	-0.02156
0.8708	-0.2471	-0.02475
0.7903	-0.3009	0.02349
0.8239	-0.2975	0.08459
0.7515	-0.3311	0.0921
0.7055	-0.2983	0.1335
0.7001	-0.2587	0.1414
0.6678	-0.2602	0.1469
0.7928	-0.2341	0.1639
0.8687	-0.2579	0.1499
0.879	-0.2782	0.1609
0.923	-0.3224	0.1566
0.9223	-0.4004	0.1435
0.9772	-0.3903	0.1165
1.074	-0.3436	0.08057
1.209	-0.2398	0.1421
1.255	-0.1047	0.2285
1.163	-0.07262	0.2366
1.174	-0.1968	0.1741
1.229	-0.5036	0.04109
1.292	-0.8048	-0.06389
1.285	-0.8247	-0.006293
1.017	-0.5182	0.05395
0.7815	-0.1684	-0.07805
0.8714	-0.1265	-0.1876
1.062	-0.3545	-0.1603
1.06	-0.5418	-0.1168
0.9148	-0.5442	-0.02193
0.755	-0.5198	0.05433
0.7468	-0.4821	0.02016
0.9069	-0.3279	-0.04443
0.934	-0.2717	-0.09645
0.9222	-0.3065	-0.1082
0.9196	-0.2594	-0.09161
0.8535	-0.2531	-0.08521
0.944	-0.2603	-0.06003
0.9994	-0.2192	-0.004239
0.9623	-0.2013	0.03492
0.967	-0.1826	0.04478
0.9316	-0.1797	0.06662
0.9728	-0.2003	0.08005
0.9983	-0.2146	0.0541
0.9524	-0.2172	0.03141
0.9503	-0.2082	0.03024
0.9656	-0.2163	0.008592
1.029	-0.2131	-0.009074
1.071	-0.2148	0.07073
1.105	-0.2689	0.1778
1.183	-0.3092	0.1569
1.264	-0.3042	0.02547
1.317	-0.3181	-0.1201
1.225	-0.4115	-0.1952
1.079	-0.519	-0.187
1.001	-0.5498	-0.1859
1.023	-0.5357	-0.1514
1.14	-0.5022	-0.04794
1.197	-0.4264	-0.0245
1.201	-0.3188	-0.0513
1.129	-0.2762	-0.04938
1.002	-0.2756	-0.07603
0.9974	-0.2461	-0.07117
0.9345	-0.2963	-0.03091
0.7784	-0.3274	0.01909
0.7456	-0.2849	0.08755
0.7801	-0.302	0.07009
0.7839	-0.2863	0.04426
0.769	-0.2911	0.09363
0.7858	-0.338	0.1029
0.8102	-0.3161	0.1037
0.8395	-0.307	0.1233
0.8926	-0.2683	0.1165
0.8981	-0.2392	0.12
0.9038	-0.3222	0.1178
0.938	-0.422	0.112
0.9859	-0.4681	0.1278
1.055	-0.399	0.1611
1.083	-0.2646	0.2214
1.096	-0.1414	0.2388
1.096	-0.08198	0.2108
1.115	-0.1675	0.1931
1.217	-0.3233	0.1153
1.328	-0.5722	-0.02285
1.34	-0.7504	-0.09691
1.046	-0.4823	-0.04036
0.6489	-0.1508	0.007472
0.6905	-0.2099	-0.09451
0.9755	-0.3398	-0.1829
1.064	-0.4111	-0.1585
0.9791	-0.5009	-0.09643
0.8472	-0.4675	-0.005211
0.835	-0.4156	0.01885
0.9201	-0.3924	-0.03751
0.935	-0.3153	-0.06304
0.9126	-0.2909	-0.07789
0.8808	-0.266	-0.08499
0.8947	-0.2241	-0.06603
0.948	-0.2249	-0.04012
0.9476	-0.1955	-0.001089
0.9604	-0.1841	0.02147
0.975	-0.1793	0.008899
1.003	-0.1731	-0.0008339
1.037	-0.2279	0.01758
0.9843	-0.2575	0.03379
0.9422	-0.2614	0.04044
0.9153	-0.2721	0.05706
0.9268	-0.2913	0.04766
1.015	-0.3157	0.01567
1.073	-0.2578	-0.002265
1.166	-0.1678	0.0137
1.242	-0.1402	0.087
1.235	-0.1451	0.1393
1.227	-0.1119	0.08382
1.19	-0.06585	-0.004678
1.199	-0.1515	-0.06138
1.203	-0.311	-0.1446
1.09	-0.4277	-0.2042
0.95	-0.5704	-0.1765
0.8611	-0.7013	-0.1746
0.9235	-0.7144	-0.1589
1.076	-0.5946	-0.05698
1.185	-0.4077	0.0005256
1.22	-0.2988	-0.00835
1.152	-0.2974	-0.02059
1.103	-0.3147	-0.002032
0.9974	-0.2461	-0.07117
0.9345	-0.2963	-0.03091
0.7784	-0.3274	0.01909
0.7456	-0.2849	0.08755
0.7801	-0.302	0.07009
0.7839	-0.2863	0.04426
0.769	-0.2911	0.09363
0.7858	-0.338	0.1029
0.8102	-0.3161	0.1037
0.8395	-0.307	0.1233
0.8926	-0.2683	0.1165
0.8981	-0.2392	0.12
0.9038	-0.3222	0.1178
0.938	-0.422	0.112
0.9859	-0.4681	0.1278
1.055	-0.399	0.1611
1.083	-0.2646	0.2214
1.096	-0.1414	0.2388
1.096	-0.08198	0.2108
1.115	-0.1675	0.1931
1.217	-0.3233	0.1153
1.328	-0.5722	-0.02285
1.34	-0.7504	-0.09691
1.046	-0.4823	-0.04036
0.6489	-0.1508	0.007472
0.6905	-0.2099	-0.09451
0.9755	-0.3398	-0.1829
1.064	-0.4111	-0.1585
0.9791	-0.5009	-0.09643
0.8472	-0.4675	-0.005211
0.835	-0.4156	0.01885
0.9201	-0.3924	-0.03751
0.935	-0.3153	-0.06304
0.9126	-0.2909	-0.07789
0.8808	-0.266	-0.08499
0.8947	-0.2241	-0.06603
0.948	-0.2249	-0.04012
0.9476	-0.1955	-0.001089
0.9604	-0.1841	0.02147
0.975	-0.1793	0.008899
1.003	-0.1731	-0.0008339
1.037	-0.2279	0.01758
0.9843	-0.2575	0.03379
0.9422	-0.2614	0.04044
0.9153	-0.2721	0.05706
0.9268	-0.2913	0.04766
1.015	-0.3157	0.01567
1.073	-0.2578	-0.002265
1.166	-0.1678	0.0137
1.242	-0.1402	0.087
1.235	-0.1451	0.1393
1.227	-0.1119	0.08382
1.19	-0.06585	-0.004678
1.199	-0.1515	-0.06138
1.203	-0.311	-0.1446
1.09	-0.4277	-0.2042
0.95	-0.5704	-0.1765
0.8611	-0.7013	-0.1746
0.9235	-0.7144	-0.1589
1.076	-0.5946	-0.05698
1.185	-0.4077	0.0005256
1.22	-0.2988	-0.00835
1.152	-0.2974	-0.02059
1.103	-0.3147	-0.002032
0.9993	-0.3115	0.03678
0.7849	-0.2789	0.07078
0.6935	-0.2327	0.1217
0.6601	-0.2107	0.1317
0.6518	-0.2179	0.116
0.694	-0.23	0.1243
0.6942	-0.2356	0.12
0.7851	-0.2405	0.136
0.886	-0.2453	0.1573
0.8963	-0.2711	0.1542
0.9418	-0.3391	0.1154
0.9816	-0.4057	0.05004
1.052	-0.4125	0.06625
1.216	-0.3763	0.1556
1.338	-0.2921	0.2455
1.273	-0.08766	0.2987
1.178	0.04751	0.2956
1.211	-0.163	0.2341
1.17	-0.5461	0.07086
1.136	-0.7608	-0.04777
1.142	-0.6578	-0.01411
0.8997	-0.3953	-0.02402
0.7325	-0.2937	-0.0968
0.9455	-0.3675	-0.1072
1.111	-0.5172	-0.05426
0.9194	-0.6097	0.03935
0.711	-0.5303	0.07424
0.7579	-0.4554	0.004649
0.814	-0.3682	-0.09533
0.8662	-0.2485	-0.187
0.9228	-0.2801	-0.1851
0.8447	-0.3345	-0.09078
0.8162	-0.3171	-0.02932
0.8272	-0.2838	0.004486
0.8691	-0.2004	0.01579
0.9948	-0.1281	0.01572
1.016	-0.1304	0.05655
1.02	-0.1532	0.06932
1.057	-0.159	0.05591
1.042	-0.1643	0.05611
1.018	-0.1535	0.03878
0.9963	-0.124	0.03845
1.067	-0.1203	0.08112
1.182	-0.2176	0.1094
1.201	-0.3891	0.0114
1.187	-0.447	-0.1353
1.152	-0.4482	-0.1403
1.04	-0.5499	-0.09889
0.9383	-0.6428	-0.0806
1.018	-0.6624	-0.03892
1.244	-0.5938	-0.08297
1.402	-0.4108	-0.1465
1.346	-0.2483	-0.08299
1.148	-0.2223	-0.02199
1.003	-0.2739	-0.02677
0.8668	-0.2954	-0.01877
0.7139	-0.3058	-0.01504
0.6894	-0.3305	0.007185
0.715	-0.3126	0.07397
0.6929	-0.2951	0.125
0.6711	-0.2704	0.1294
0.7126	-0.2024	0.08879
0.792	-0.1931	0.07833
0.843	-0.2197	0.1505
0.9993	-0.3115	0.03678
0.7849	-0.2789	0.07078
0.6935	-0.2327	0.1217
0.6601	-0.2107	0.1317
0.6518	-0.2179	0.116
0.694	-0.23	0.1243
0.6942	-0.2356	0.12
0.7851	-0.2405	0.136
0.886	-0.2453	0.1573
0.8963	-0.2711	0.1542
0.9418	-0.3391	0.1154
0.9816	-0.4057	0.05004
1.052	-0.4125	0.06625
1.216	-0.3763	0.1556
1.338	-0.2921	0.2455
1.273	-0.08766	0.2987
1.178	0.04751	0.2956
1.211	-0.163	0.2341
1.17	-0.5461	0.07086
1.136	-0.7608	-0.04777
1.142	-0.6578	-0.01411
0.8997	-0.3953	-0.02402
0.7325	-0.2937	-0.0968
0.9455	-0.3675	-0.1072
1.111	-0.5172	-0.05426
0.9194	-0.6097	0.03935
0.711	-0.5303	0.07424
0.7579	-0.4554	0.004649
0.814	-0.3682	-0.09533
0.8662	-0.2485	-0.187
0.9228	-0.2801	-0.1851
0.8447	-0.3345	-0.09078
0.8162	-0.3171	-0.02932
0.8272	-0.2838	0.004486
0.8691	-0.2004	0.01579
0.9948	-0.1281	0.01572
1.016	-0.1304	0.05655
1.02	-0.1532	0.06932
1.057	-0.159	0.05591
1.042	-0.1643	0.05611
1.018	-0.1535	0.03878
0.9963	-0.124	0.03845
1.067	-0.1203	0.08112
1.182	-0.2176	0.1094
1.201	-0.3891	0.0114
1.187	-0.447	-0.1353
1.152	-0.4482	-0.1403
1.04	-0.5499	-0.09889
0.9383	-0.6428	-0.0806
1.018	-0.6624	-0.03892
1.244	-0.5938	-0.08297
1.402	-0.4108	-0.1465
1.346	-0.2483	-0.08299
1.148	-0.2223	-0.02199
1.003	-0.2739	-0.02677
0.8668	-0.2954	-0.01877
0.7139	-0.3058	-0.01504
0.6894	-0.3305	0.007185
0.715	-0.3126	0.07397
0.6929	-0.2951	0.125
0.6711	-0.2704	0.1294
0.7126	-0.2024	0.08879
0.792	-0.1931	0.07833
0.843	-0.2197	0.1505
0.9105	-0.2215	0.2058
0.9134	-0.2423	0.1599
0.8775	-0.304	0.08795
0.9803	-0.4187	0.09029
1.155	-0.4959	0.1271
1.326	-0.4341	0.2069
1.338	-0.2467	0.3011
1.168	-0.02853	0.2369
1.111	-0.06923	0.1333
1.152	-0.4933	0.0867
1.128	-0.7992	-0.02178
0.9682	-0.548	-0.03674
0.8025	-0.2286	-0.01172
0.9163	-0.3359	-0.1265
1.045	-0.478	-0.1173
0.9461	-0.4916	-0.01177
0.8618	-0.5311	0.007327
0.8002	-0.4662	0.05351
0.7847	-0.4351	0.01302
0.8463	-0.3895	-0.1008
0.8154	-0.259	-0.1354
0.8194	-0.2956	-0.1389
0.8912	-0.2591	-0.08895
0.8956	-0.1937	-0.07776
0.9313	-0.2627	-0.0708
0.9573	-0.1924	0.02672
0.9406	-0.1616	0.0581
0.9457	-0.2076	0.07395
0.9306	-0.2059	0.1101
0.9274	-0.2474	0.1017
0.9291	-0.2316	0.05064
0.9694	-0.2199	-0.01906
1.06	-0.2289	0.02579
1.101	-0.2038	0.1145
1.141	-0.2159	0.1678
1.152	-0.2161	0.1698
1.144	-0.2399	0.007391
1.205	-0.319	-0.1867
1.186	-0.4564	-0.2493
1.04	-0.6064	-0.1636
0.9564	-0.6298	-0.09136
1.116	-0.6429	-0.1599
1.326	-0.6639	-0.1514
1.24	-0.4945	-0.05409
1.074	-0.2498	-0.009637
0.9879	-0.1656	-0.01496
0.8477	-0.2057	-0.05675
0.8	-0.2393	-0.03782
0.7881	-0.2961	-0.001161
0.7401	-0.3707	0.0416
0.7453	-0.3622	0.1316
0.6852	-0.3061	0.1284
0.6709	-0.2472	0.1104
0.7442	-0.2151	0.1399
0.808	-0.2481	0.1439
0.9185	-0.2662	0.1693
0.9351	-0.271	0.156
0.9062	-0.3159	0.1079
0.9473	-0.3832	0.06827
1.018	-0.4468	0.05383
1.221	-0.377	0.2163
1.367	-0.1796	0.4077
1.246	-0.09304	0.3505
1.12	-0.2344	0.1917
0.9105	-0.2215	0.2058
0.9134	-0.2423	0.1599
0.8775	-0.304	0.08795
0.9803	-0.4187	0.09029
1.155	-0.4959	0.1271
1.326	-0.4341	0.2069
1.338	-0.2467	0.3011
1.168	-0.02853	0.2369
1.111	-0.06923	0.1333
1.152	-0.4933	0.0867
1.128	-0.7992	-0.02178
0.9682	-0.548	-0.03674
0.8025	-0.2286	-0.01172
0.9163	-0.3359	-0.1265
1.045	-0.478	-0.1173
0.9461	-0.4916	-0.01177
0.8618	-0.5311	0.007327
0.8002	-0.4662	0.05351
0.7847	-0.4351	0.01302
0.8463	-0.3895	-0.1008
0.8154	-0.259	-0.1354
0.8194	-0.2956	-0.1389
0.8912	-0.2591	-0.08895
0.8956	-0.1937	-0.07776
0.9313	-0.2627	-0.0708
0.9573	-0.1924	0.02672
0.9406	-0.1616	0.0581
0.9457	-0.2076	0.07395
0.9306	-0.2059	0.1101
0.9274	-0.2474	0.1017
0.9291	-0.2316	0.05064
0.9694	-0.2199	-0.01906
1.06	-0.2289	0.02579
1.101	-0.2038	0.1145
1.141	-0.2159	0.1678
1.152	-0.2161	0.1698
1.144	-0.2399	0.007391
1.205	-0.319	-0.1867
1.186	-0.4564	-0.2493
1.04	-0.6064	-0.1636
0.9564	-0.6298	-0.09136
1.116	-0.6429	-0.1599
1.326	-0.6639	-0.1514
1.24	-0.4945	-0.05409
1.074	-0.2498	-0.009637
0.9879	-0.1656	-0.01496
0.8477	-0.2057	-0.05675
0.8	-0.2393	-0.03782
0.7881	-0.2961	-0.001161
0.7401	-0.3707	0.0416
0.7453	-0.3622	0.1316
0.6852	-0.3061	0.1284
0.6709	-0.2472	0.1104
0.7442	-0.2151	0.1399
0.808	-0.2481	0.1439
0.9185	-0.2662	0.1693
0.9351	-0.271	0.156
0.9062	-0.3159	0.1079
0.9473	-0.3832	0.06827
1.018	-0.4468	0.05383
1.221	-0.377	0.2163
1.367	-0.1796	0.4077
1.246	-0.09304	0.3505
1.12	-0.2344	0.1917
1.155	-0.485	0.08406
1.16	-0.5967	-0.0127
1.059	-0.5334	-0.02858
0.9451	-0.4175	-0.0294
0.86	-0.2495	-0.125
0.9543	-0.1964	-0.1719
1.064	-0.3785	-0.1275
0.9266	-0.5241	-0.0301
0.7771	-0.478	0.0572
0.7133	-0.4019	0.02737
0.7547	-0.347	-0.0507
0.8892	-0.2425	-0.1296
0.8849	-0.1955	-0.1479
0.855	-0.2163	-0.07423
0.8693	-0.1873	-0.02613
0.8477	-0.1739	0.004165
0.8673	-0.1711	0.01505
0.8667	-0.1725	0.0153
0.8969	-0.233	0.05906
1.008	-0.265	0.07566
1.086	-0.2559	0.0551
1.122	-0.2207	0.02815
1.099	-0.1708	0.003464
1.076	-0.1369	0.01066
1.086	-0.08167	0.07687
1.103	-0.09716	0.1635
1.194	-0.2333	0.1224
1.263	-0.3409	-0.04902
1.239	-0.3521	-0.1784
1.136	-0.4206	-0.1607
0.9752	-0.5801	-0.09842
0.9552	-0.5908	-0.1268
1.15	-0.5803	-0.1229
1.385	-0.6704	-0.09056
1.503	-0.5533	-0.1287
1.467	-0.4187	-0.1099
1.275	-0.4222	-0.08023
0.9234	-0.2968	-0.06995
0.6826	-0.2463	-0.02789
0.726	-0.34	-0.02217
0.7539	-0.3472	0.03259
0.6988	-0.34	0.07396
0.7046	-0.3223	0.0342
0.6869	-0.277	0.05279
0.731	-0.2685	0.07537
0.8974	-0.2531	0.08603
0.9793	-0.2534	0.1036
0.9501	-0.2785	0.1071
0.8893	-0.2665	0.1748
0.8599	-0.2617	0.2262
0.9439	-0.2996	0.1759
1.086	-0.3436	0.1301
1.171	-0.3631	0.1709
1.162	-0.2904	0.2165
1.148	-0.2046	0.1963
1.201	-0.3112	0.1412
1.31	-0.6046	0.01446
1.412	-0.8263	-0.08368
1.256	-0.6264	-0.06337
0.8977	-0.2178	-0.08486
0.7651	-0.165	-0.1119
0.894	-0.2922	-0.08591
1.019	-0.382	-0.1023
1.017	-0.5247	-0.07706
1.155	-0.485	0.08406
1.16	-0.5967	-0.0127
1.059	-0.5334	-0.02858
0.9451	-0.4175	-0.0294
0.86	-0.2495	-0.125
0.9543	-0.1964	-0.1719
1.064	-0.3785	-0.1275
0.9266	-0.5241	-0.0301
0.7771	-0.478	0.0572
0.7133	-0.4019	0.02737
0.7547	-0.347	-0.0507
0.8892	-0.2425	-0.1296
0.8849	-0.1955	-0.1479
0.855	-0.2163	-0.07423
0.8693	-0.1873	-0.02613
0.8477	-0.1739	0.004165
0.8673	-0.1711	0.01505
0.8667	-0.1725	0.0153
0.8969	-0.233	0.05906
1.008	-0.265	0.07566
1.086	-0.2559	0.0551
1.122	-0.2207	0.02815
1.099	-0.1708	0.003464
1.076	-0.1369	0.01066
1.086	-0.08167	0.07687
1.103	-0.09716	0.1635
1.194	-0.2333	0.1224
1.263	-0.3409	-0.04902
1.239	-0.3521	-0.1784
1.136	-0.4206	-0.1607
0.9752	-0.5801	-0.09842
0.9552	-0.5908	-0.1268
1.15	-0.5803	-0.1229
1.385	-0.6704	-0.09056
1.503	-0.5533	-0.1287
1.467	-0.4187	-0.1099
1.275	-0.4222	-0.08023
0.9234	-0.2968	-0.06995
0.6826	-0.2463	-0.02789
0.726	-0.34	-0.02217
0.7539	-0.3472	0.03259
0.6988	-0.34	0.07396
0.7046	-0.3223	0.0342
0.6869	-0.277	0.05279
0.731	-0.2685	0.07537
0.8974	-0.2531	0.08603
0.9793	-0.2534	0.1036
0.9501	-0.2785	0.1071
0.8893	-0.2665	0.1748
0.8599	-0.2617	0.2262
0.9439	-0.2996	0.1759
1.086	-0.3436	0.1301
1.171	-0.3631	0.1709
1.162	-0.2904	0.2165
1.148	-0.2046	0.1963
1.201	-0.3112	0.1412
1.31	-0.6046	0.01446
1.412	-0.8263	-0.08368
1.256	-0.6264	-0.06337
0.8977	-0.2178	-0.08486
0.7651	-0.165	-0.1119
0.894	-0.2922	-0.08591
1.019	-0.382	-0.1023
1.017	-0.5247	-0.07706
0.9112	-0.5131	-0.005089
0.7586	-0.4334	0.01883
0.6685	-0.4148	0.02794
0.7546	-0.3393	-0.01473
0.8661	-0.291	-0.09486
0.9186	-0.2464	-0.09334
0.975	-0.2018	-0.05805
0.9453	-0.1985	-0.04318
0.9132	-0.1668	0.002757
0.9208	-0.1552	0.07117
0.8919	-0.1581	0.1116
0.9272	-0.1762	0.1148
0.9753	-0.2057	0.1137
1.01	-0.1871	0.07903
1.053	-0.1832	0.01092
1.012	-0.1941	0.006051
0.9985	-0.2011	0.03092
1.058	-0.2327	0.06586
1.123	-0.2725	0.1464
1.203	-0.2983	0.142
1.26	-0.2784	0.008421
1.287	-0.2758	-0.1401
1.22	-0.3759	-0.1952
1.021	-0.518	-0.125
0.8662	-0.5882	-0.07326
0.9382	-0.5711	-0.07621
1.217	-0.5245	-0.04754
1.407	-0.428	-0.04389
1.283	-0.3056	-0.02656
1.071	-0.2674	0.0279
0.9984	-0.2832	0.01018
0.8861	-0.2847	-0.001411
0.7443	-0.2892	0.02987
0.7843	-0.2942	0.03243
0.7938	-0.2925	0.05875
0.7102	-0.2869	0.08564
0.6958	-0.2631	0.07816
0.6733	-0.2328	0.1012
0.7322	-0.2264	0.1395
0.8794	-0.2254	0.1608
0.9426	-0.2142	0.1694
0.9445	-0.2378	0.1633
0.9219	-0.2916	0.1581
0.9461	-0.337	0.1392
1.062	-0.3756	0.1295
1.222	-0.3635	0.2085
1.309	-0.2771	0.2833
1.249	-0.2363	0.1991
1.254	-0.4029	0.06604
1.32	-0.6893	0.04449
1.248	-0.7387	0.07861
1.033	-0.4616	0.07264
0.7623	-0.181	-0.01943
0.7778	-0.1624	-0.1372
1.066	-0.3359	-0.1602
1.188	-0.4472	-0.1631
1.146	-0.4462	-0.1582
0.9826	-0.449	-0.0187
0.8103	-0.4597	0.1004
0.825	-0.4188	0.05641
0.8147	-0.3199	0.002462
0.8342	-0.2537	-0.0193
0.951	-0.2176	-0.07527
0.9082	-0.177	-0.06971
0.9112	-0.5131	-0.005089
0.7586	-0.4334	0.01883
0.6685	-0.4148	0.02794
0.7546	-0.3393	-0.01473
0.8661	-0.291	-0.09486
0.9186	-0.2464	-0.09334
0.975	-0.2018	-0.05805
0.9453	-0.1985	-0.04318
0.9132	-0.1668	0.002757
0.9208	-0.1552	0.07117
0.8919	-0.1581	0.1116
0.9272	-0.1762	0.1148
0.9753	-0.2057	0.1137
1.01	-0.1871	0.07903
1.053	-0.1832	0.01092
1.012	-0.1941	0.006051
0.9985	-0.2011	0.03092
1.058	-0.2327	0.06586
1.123	-0.2725	0.1464
1.203	-0.2983	0.142
1.26	-0.2784	0.008421
1.287	-0.2758	-0.1401
1.22	-0.3759	-0.1952
1.021	-0.518	-0.125
0.8662	-0.5882	-0.07326
0.9382	-0.5711	-0.07621
1.217	-0.5245	-0.04754
1.407	-0.428	-0.04389
1.283	-0.3056	-0.02656
1.071	-0.2674	0.0279
0.9984	-0.2832	0.01018
0.8861	-0.2847	-0.001411
0.7443	-0.2892	0.02987
0.7843	-0.2942	0.03243
0.7938	-0.2925	0.05875
0.7102	-0.2869	0.08564
0.6958	-0.2631	0.07816
0.6733	-0.2328	0.1012
0.7322	-0.2264	0.1395
0.8794	-0.2254	0.1608
0.9426	-0.2142	0.1694
0.9445	-0.2378	0.1633
0.9219	-0.2916	0.1581
0.9461	-0.337	0.1392
1.062	-0.3756	0.1295
1.222	-0.3635	0.2085
1.309	-0.2771	0.2833
1.249	-0.2363	0.1991
1.254	-0.4029	0.06604
1.32	-0.6893	0.04449
1.248	-0.7387	0.07861
1.033	-0.4616	0.07264
0.7623	-0.181	-0.01943
0.7778	-0.1624	-0.1372
1.066	-0.3359	-0.1602
1.188	-0.4472	-0.1631
1.146	-0.4462	-0.1582
0.9826	-0.449	-0.0187
0.8103	-0.4597	0.1004
0.825	-0.4188	0.05641
0.8147	-0.3199	0.002462
0.8342	-0.2537	-0.0193
0.951	-0.2176	-0.07527
0.9082	-0.177	-0.06971
0.864	-0.199	-0.0014
0.9029	-0.2081	0.01145
0.877	-0.1855	0.03062
0.9203	-0.2065	0.05907
1	-0.2297	0.05803
0.9798	-0.2531	0.09226
0.9844	-0.2347	0.09006
1.026	-0.1933	0.03987
1.024	-0.2186	0.01169
1.029	-0.2248	0.02452
1.057	-0.2108	0.08507
1.136	-0.2426	0.1104
1.256	-0.2755	0.09506
1.305	-0.307	0.004734
1.269	-0.3494	-0.1447
1.137	-0.4363	-0.1572
0.933	-0.5622	-0.1095
0.8828	-0.6182	-0.09974
1.062	-0.5965	-0.0507
1.277	-0.5051	-0.03442
1.372	-0.3359	-0.06439
1.24	-0.235	-0.06734
1.005	-0.2574	-0.06205
0.8893	-0.2924	-0.05289
0.7821	-0.308	-0.03021
0.7089	-0.3072	0.0124
0.7139	-0.2952	0.08841
0.6559	-0.2993	0.1165
0.673	-0.2912	0.08869
0.7096	-0.2581	0.105
0.7273	-0.2287	0.107
0.8488	-0.2176	0.09542
0.8721	-0.2313	0.1292
0.9051	-0.2468	0.1331
0.977	-0.297	0.1216
0.9715	-0.4046	0.1173
1.154	-0.4485	0.1323
1.321	-0.3884	0.1973
1.286	-0.3024	0.2291
1.248	-0.2817	0.1813
1.205	-0.4623	0.06144
1.233	-0.7546	-0.0238
1.247	-0.8023	0.0346
1.07	-0.5228	0.06857
0.8155	-0.2224	-0.05016
0.7096	-0.1556	-0.1596
0.9174	-0.3145	-0.143
1.089	-0.4844	-0.11
0.9297	-0.5109	-0.09672
0.7727	-0.4466	-0.007217
0.744	-0.3724	0.07544
0.7666	-0.3319	0.01159
0.8778	-0.2585	-0.1017
0.9399	-0.1755	-0.1097
0.9095	-0.2125	-0.0571
0.9096	-0.2183	-0.003828
0.9377	-0.1675	0.05096
0.9622	-0.1806	0.06032
0.9778	-0.1826	0.07067
0.9914	-0.2121	0.1077
1.002	-0.2316	0.1152
0.9939	-0.1761	0.08216
0.9978	-0.1548	0.01989
1.003	-0.1595	0.01089
0.9742	-0.267	0.06078
0.9715	-0.2496	0.05684
0.9543	-0.2052	0.0332
0.9631	-0.1933	0.01273
1.033	-0.193	0.005674
1.14	-0.1745	-0.0109
1.213	-0.1301	-0.007239
1.258	-0.09363	0.00144
1.297	-0.1344	-0.01241
1.282	-0.2034	-0.04815
1.261	-0.2404	-0.09992
1.223	-0.3086	-0.1288
1.072	-0.4501	-0.1698
0.9353	-0.5737	-0.2171
0.9381	-0.5677	-0.1593
0.9882	-0.5191	-0.0705
1.019	-0.5129	-0.0632
1.074	-0.4535	-0.06489
1.113	-0.3733	-0.05447
1.071	-0.3309	-0.05352
1.01	-0.2805	-0.0442
0.9279	-0.2697	-0.04089
0.8158	-0.2805	-0.03062
0.7394	-0.2678	-0.01002
0.7239	-0.2723	0.03088
0.7557	-0.2697	0.09183
0.7282	-0.2636	0.09607
0.6981	-0.2696	0.07859
0.7358	-0.2738	0.1137
0.7651	-0.2952	0.1512
0.8823	-0.3161	0.1641
0.961	-0.3176	0.1733
0.9248	-0.2965	0.1785
0.956	-0.2819	0.1641
0.9974	-0.3162	0.1416
1.137	-0.3391	0.1584
1.296	-0.2966	0.2057
1.239	-0.2584	0.2306
1.218	-0.3174	0.202
1.297	-0.4744	0.1189
1.28	-0.6068	0.05146
1.123	-0.5562	0.03332
0.8793	-0.4031	-0.01674
0.7857	-0.3525	-0.1256
0.8974	-0.3718	-0.1997
1.01	-0.4433	-0.1711
1.054	-0.5348	-0.1191
0.9421	-0.502	-0.0736
0.7068	-0.4428	0.03277
0.6846	-0.4091	0.07252
0.8079	-0.3536	-0.02481
0.8496	-0.3039	-0.1032
0.9019	-0.2224	-0.1198
0.8726	-0.1946	-0.08785
0.8119	-0.215	-0.02912
0.8554	-0.1833	-0.005012
0.8982	-0.1786	0.001282
1.04	-0.2061	0.003218
1.158	-0.2631	0.02207
1.041	-0.3144	0.04703
0.9243	-0.2661	0.03391
0.9313	-0.2082	0.02997
0.9917	-0.189	0.03254
1.077	-0.1579	0.0332
1.126	-0.173	0.06339
1.129	-0.3197	0.08283
1.166	-0.5063	0.05867
1.261	-0.5566	-0.06025
1.311	-0.5343	-0.2228
1.222	-0.5278	-0.245
1.012	-0.4897	-0.1756
0.8813	-0.5211	-0.1428
0.985	-0.5943	-0.07986
1.191	-0.548	-0.03554
1.288	-0.4736	-0.08479
1.194	-0.3851	-0.0912
1.028	-0.2975	-0.061
0.9328	-0.3289	-0.05924
0.8212	-0.3337	-0.03191
0.6808	-0.2979	-0.02193
0.6517	-0.3115	0.000913
0.6722	-0.2962	0.05729
0.6696	-0.2932	0.06326
0.6889	-0.2828	0.08782
0.7036	-0.25	0.1319
0.7519	-0.2585	0.1355
0.8608	-0.243	0.164
0.935	-0.2234	0.1828
0.9365	-0.2282	0.1478
0.9215	-0.2473	0.1172
0.9732	-0.3386	0.0978
1.091	-0.4471	0.1248
1.203	-0.4334	0.2207
1.218	-0.2682	0.2745
1.186	-0.1516	0.235
1.279	-0.2901	0.1333
1.401	-0.6032	-0.02984
1.379	-0.7856	-0.1545
1.145	-0.6115	-0.1179
0.7772	-0.352	-0.07256
0.6892	-0.3449	-0.1387
0.9295	-0.3907	-0.148
1.035	-0.3915	-0.125
0.9051	-0.4772	-0.0883
0.7836	-0.5113	0.05067
0.7644	-0.4741	0.07174
0.7704	-0.4363	0.008044
0.805	-0.3508	-0.01187
0.8885	-0.2944	-0.1029
0.9184	-0.2452	-0.1117
0.8992	-0.1794	-0.04338
0.9003	-0.1808	-0.0246
0.9122	-0.1781	0.0319
0.923	-0.1721	0.06151
0.9388	-0.209	0.06911
0.9713	-0.226	0.08969
0.9903	-0.226	0.059
0.9874	-0.2262	0.04253
0.9869	-0.2247	0.04164
0.9942	-0.2257	0.02642
1.024	-0.1983	0.03403
1.078	-0.1424	0.06724
1.163	-0.1182	0.1135
1.259	-0.1845	0.08654
1.352	-0.3341	-0.04912
1.394	-0.4885	-0.1685
1.194	-0.5661	-0.1631
0.8498	-0.5752	-0.09157
1.126	-0.173	0.06339
1.129	-0.3197	0.08283
1.166	-0.5063	0.05867
1.261	-0.5566	-0.06025
1.311	-0.5343	-0.2228
1.222	-0.5278	-0.245
1.012	-0.4897	-0.1756
0.8813	-0.5211	-0.1428
0.985	-0.5943	-0.07986
1.191	-0.548	-0.03554
1.288	-0.4736	-0.08479
1.194	-0.3851	-0.0912
1.028	-0.2975	-0.061
0.9328	-0.3289	-0.05924
0.8212	-0.3337	-0.03191
0.6808	-0.2979	-0.02193
0.6517	-0.3115	0.000913
0.6722	-0.2962	0.05729
0.6696	-0.2932	0.06326
0.6889	-0.2828	0.08782
0.7036	-0.25	0.1319
0.7519	-0.2585	0.1355
0.8608	-0.243	0.164
0.935	-0.2234	0.1828
0.9365	-0.2282	0.1478
0.9215	-0.2473	0.1172
0.9732	-0.3386	0.0978
1.091	-0.4471	0.1248
1.203	-0.4334	0.2207
1.218	-0.2682	0.2745
1.186	-0.1516	0.235
1.279	-0.2901	0.1333
1.401	-0.6032	-0.02984
1.379	-0.7856	-0.1545
1.145	-0.6115	-0.1179
0.7772	-0.352	-0.07256
0.6892	-0.3449	-0.1387
0.9295	-0.3907	-0.148
1.035	-0.3915	-0.125
0.9051	-0.4772	-0.0883
0.7836	-0.5113	0.05067
0.7644	-0.4741	0.07174
0.7704	-0.4363	0.008044
0.805	-0.3508	-0.01187
0.8885	-0.2944	-0.1029
0.9184	-0.2452	-0.1117
0.8992	-0.1794	-0.04338
0.9003	-0.1808	-0.0246
0.9122	-0.1781	0.0319
0.923	-0.1721	0.06151
0.9388	-0.209	0.06911
0.9713	-0.226	0.08969
0.9903	-0.226	0.059
0.9874	-0.2262	0.04253
0.9869	-0.2247	0.04164
0.9942	-0.2257	0.02642
1.024	-0.1983	0.03403
1.078	-0.1424	0.06724
1.163	-0.1182	0.1135
1.259	-0.1845	0.08654
1.352	-0.3341	-0.04912
1.394	-0.4885	-0.1685
1.194	-0.5661	-0.1631
0.8498	-0.5752	-0.09157
0.7735	-0.6139	-0.0818
1.049	-0.6463	-0.08588
1.361	-0.5231	-0.06602
1.403	-0.3181	-0.07733
1.188	-0.1961	-0.06575
0.9467	-0.1734	-0.05603
0.8	-0.2058	-0.05949
0.7507	-0.2516	-0.01491
0.7746	-0.3199	0.04214
0.7863	-0.3599	0.09225
0.7347	-0.2875	0.08059
0.6902	-0.2126	0.06045
0.6909	-0.2185	0.1012
0.7211	-0.2338	0.1027
0.8053	-0.2376	0.1258
0.9013	-0.2337	0.1625
0.9326	-0.2386	0.1315
0.9074	-0.3061	0.1205
0.8847	-0.4168	0.09624
0.943	-0.4666	0.0854
1.162	-0.4016	0.1779
1.407	-0.2872	0.2533
1.368	-0.225	0.2196
1.273	-0.3394	0.1396
1.394	-0.6109	0.08162
1.352	-0.7385	0.04548
1.159	-0.5979	0.02513
0.9332	-0.3751	-0.06407
0.6663	-0.2423	-0.1959
0.8356	-0.3052	-0.1623
1.115	-0.4617	-0.1204
1.045	-0.528	-0.1615
0.942	-0.5219	-0.041
0.7283	-0.4988	0.09856
0.6243	-0.4526	0.08618
0.7815	-0.3482	-0.008955
0.8136	-0.2433	-0.1306
0.8743	-0.2299	-0.1331
0.8938	-0.2261	-0.05317
0.8137	-0.2283	-0.01071
0.8763	-0.2485	0.01937
0.8832	-0.2013	0.04258
0.9089	-0.1704	0.07567
1.012	-0.1822	0.08297
1.046	-0.1789	0.07249
1.087	-0.1744	0.08107
1.03	-0.1517	0.03691
0.977	-0.1335	-0.003391
1.041	-0.1229	0.02305
1.078	-0.1436	0.08358
1.159	-0.2631	0.1404
1.261	-0.4358	0.0671
1.324	-0.5397	-0.1097
1.334	-0.5374	-0.2137
1.152	-0.5681	-0.2028
0.8989	-0.6198	-0.1496
0.8574	-0.6143	-0.1277
1.064	-0.6359	-0.08805
1.275	-0.5552	-0.03911
1.287	-0.3591	-0.07324
1.138	-0.259	-0.1007
0.9493	-0.2372	-0.08394
0.8347	-0.2591	-0.08046
0.7672	-0.2854	-0.03989
0.7735	-0.6139	-0.0818
1.049	-0.6463	-0.08588
1.361	-0.5231	-0.06602
1.403	-0.3181	-0.07733
1.188	-0.1961	-0.06575
0.9467	-0.1734	-0.05603
0.8	-0.2058	-0.05949
0.7507	-0.2516	-0.01491
0.7746	-0.3199	0.04214
0.7863	-0.3599	0.09225
0.7347	-0.2875	0.08059
0.6902	-0.2126	0.06045
0.6909	-0.2185	0.1012
0.7211	-0.2338	0.1027
0.8053	-0.2376	0.1258
0.9013	-0.2337	0.1625
0.9326	-0.2386	0.1315
0.9074	-0.3061	0.1205
0.8847	-0.4168	0.09624
0.943	-0.4666	0.0854
1.162	-0.4016	0.1779
1.407	-0.2872	0.2533
1.368	-0.225	0.2196
1.273	-0.3394	0.1396
1.394	-0.6109	0.08162
1.352	-0.7385	0.04548
1.159	-0.5979	0.02513
0.9332	-0.3751	-0.06407
0.6663	-0.2423	-0.1959
0.8356	-0.3052	-0.1623
1.115	-0.4617	-0.1204
1.045	-0.528	-0.1615
0.942	-0.5219	-0.041
0.7283	-0.4988	0.09856
0.6243	-0.4526	0.08618
0.7815	-0.3482	-0.008955
0.8136	-0.2433	-0.1306
0.8743	-0.2299	-0.1331
0.8938	-0.2261	-0.05317
0.8137	-0.2283	-0.01071
0.8763	-0.2485	0.01937
0.8832	-0.2013	0.04258
0.9089	-0.1704	0.07567
1.012	-0.1822	0.08297
1.046	-0.1789	0.07249
1.087	-0.1744	0.08107
1.03	-0.1517	0.03691
0.977	-0.1335	-0.003391
1.041	-0.1229	0.02305
1.078	-0.1436	0.08358
1.159	-0.2631	0.1404
1.261	-0.4358	0.0671
1.324	-0.5397	-0.1097
1.334	-0.5374	-0.2137
1.152	-0.5681	-0.2028
0.8989	-0.6198	-0.1496
0.8574	-0.6143	-0.1277
1.064	-0.6359	-0.08805
1.275	-0.5552	-0.03911
1.287	-0.3591	-0.07324
1.138	-0.259	-0.1007
0.9493	-0.2372	-0.08394
0.8347	-0.2591	-0.08046
0.7672	-0.2854	-0.03989
0.711	-0.2934	0.02536
0.7084	-0.3265	0.06569
0.6886	-0.3124	0.09389
0.6667	-0.2788	0.112
0.7063	-0.2648	0.1211
0.7623	-0.2444	0.1287
0.8493	-0.2532	0.1334
0.9206	-0.2344	0.1428
0.8993	-0.2135	0.1574
0.8834	-0.2693	0.137
0.9465	-0.3338	0.1115
1.071	-0.3734	0.1571
1.246	-0.3668	0.2295
1.337	-0.2817	0.2521
1.31	-0.2311	0.1748
1.372	-0.403	0.05882
1.43	-0.6686	0.04018
1.24	-0.6634	0.03261
0.9404	-0.4331	-0.03889
0.8073	-0.2635	-0.09619
0.8961	-0.2706	-0.1735
0.959	-0.4265	-0.2025
0.8882	-0.5473	-0.08894
0.8195	-0.5735	0.02583
0.7243	-0.5484	0.07832
0.7115	-0.4653	0.06295
0.8281	-0.3703	-0.03634
0.8706	-0.2562	-0.103
0.9085	-0.1772	-0.09571
0.9213	-0.1453	-0.05772
0.8929	-0.1154	-0.02605
0.9643	-0.1382	0.0009697
0.9665	-0.133	0.05962
0.9342	-0.142	0.09709
0.979	-0.2151	0.1302
1.014	-0.2169	0.1586
1.083	-0.2001	0.09825
1.068	-0.1813	0.02066
1.011	-0.1443	-0.01219
1.046	-0.1209	0.005824
1.026	-0.0985	0.08763
1.049	-0.1534	0.1754
1.144	-0.2507	0.2052
1.159	-0.3103	0.1923
1.152	-0.345	0.1649
1.117	-0.4824	0.00282
1.01	-0.708	-0.1994
0.9113	-0.6803	-0.1697
1.029	-0.5762	-0.09741
1.335	-0.6142	-0.1203
1.433	-0.4314	-0.05773
1.235	-0.2024	-0.02505
0.9979	-0.1733	-0.06893
0.9163	-0.1658	-0.04804
0.8911	-0.2298	-0.04874
0.7642	-0.3185	-0.01701
0.7167	-0.3836	0.08912
0.7533	-0.416	0.09532
0.7315	-0.3579	0.08555
0.7026	-0.322	0.1104
0.6658	-0.2441	0.1033
0.7029	-0.2047	0.1253
0.7968	-0.2562	0.1316
0.8615	-0.2052	0.1269
0.711	-0.2934	0.02536
0.7084	-0.3265	0.06569
0.6886	-0.3124	0.09389
0.6667	-0.2788	0.112
0.7063	-0.2648	0.1211
0.7623	-0.2444	0.1287
0.8493	-0.2532	0.1334
0.9206	-0.2344	0.1428
0.8993	-0.2135	0.1574
0.8834	-0.2693	0.137
0.9465	-0.3338	0.1115
1.071	-0.3734	0.1571
1.246	-0.3668	0.2295
1.337	-0.2817	0.2521
1.31	-0.2311	0.1748
1.372	-0.403	0.05882
1.43	-0.6686	0.04018
1.24	-0.6634	0.03261
0.9404	-0.4331	-0.03889
0.8073	-0.2635	-0.09619
0.8961	-0.2706	-0.1735
0.959	-0.4265	-0.2025
0.8882	-0.5473	-0.08894
0.8195	-0.5735	0.02583
0.7243	-0.5484	0.07832
0.7115	-0.4653	0.06295
0.8281	-0.3703	-0.03634
0.8706	-0.2562	-0.103
0.9085	-0.1772	-0.09571
0.9213	-0.1453	-0.05772
0.8929	-0.1154	-0.02605
0.9643	-0.1382	0.0009697
0.9665	-0.133	0.05962
0.9342	-0.142	0.09709
0.979	-0.2151	0.1302
1.014	-0.2169	0.1586
1.083	-0.2001	0.09825
1.068	-0.1813	0.02066
1.011	-0.1443	-0.01219
1.046	-0.1209	0.005824
1.026	-0.0985	0.08763
1.049	-0.1534	0.1754
1.144	-0.2507	0.2052
1.159	-0.3103	0.1923
1.152	-0.345	0.1649
1.117	-0.4824	0.00282
1.01	-0.708	-0.1994
0.9113	-0.6803	-0.1697
1.029	-0.5762	-0.09741
1.335	-0.6142	-0.1203
1.433	-0.4314	-0.05773
1.235	-0.2024	-0.02505
0.9979	-0.1733	-0.06893
0.9163	-0.1658	-0.04804
0.8911	-0.2298	-0.04874
0.7642	-0.3185	-0.01701
0.7167	-0.3836	0.08912
0.7533	-0.416	0.09532
0.7315	-0.3579	0.08555
0.7026	-0.322	0.1104
0.6658	-0.2441	0.1033
0.7029	-0.2047	0.1253
0.7968	-0.2562	0.1316
0.8615	-0.2052	0.1269
0.9303	-0.2154	0.1513
0.9333	-0.2713	0.157
0.9383	-0.302	0.1498
1.015	-0.4212	0.1462
1.116	-0.4224	0.2008
1.23	-0.3124	0.2533
1.258	-0.2671	0.1782
1.292	-0.3672	0.07368
1.381	-0.5865	0.03161
1.312	-0.6202	0.014
1.1	-0.4433	0.0002297
0.893	-0.272	-0.03199
0.8379	-0.238	-0.1037
0.9557	-0.3354	-0.1616
0.9953	-0.4243	-0.147
0.9613	-0.539	-0.05726
0.8985	-0.5632	0.07136
0.7308	-0.4557	0.1016
0.7151	-0.4163	0.006653
0.835	-0.3036	-0.07952
0.8784	-0.1901	-0.1334
0.9255	-0.211	-0.1154
0.9182	-0.1874	-0.04341
0.9011	-0.1891	-0.02448
0.9284	-0.184	-0.005026
0.8911	-0.1497	0.0164
0.8918	-0.2316	0.03876
0.9269	-0.2999	0.09048
0.9748	-0.2886	0.07513
1.069	-0.209	0.04549
1.094	-0.101	0.04236
1.098	-0.08379	0.02547
1.119	-0.1046	0.07124
1.092	-0.1588	0.146
1.09	-0.2715	0.1647
1.186	-0.3481	0.05936
1.298	-0.4029	-0.1508
1.251	-0.5397	-0.2271
1.064	-0.6452	-0.1117
0.9293	-0.5787	-0.03158
0.9858	-0.5355	-0.07661
1.219	-0.5088	-0.09317
1.354	-0.3577	-0.05029
1.216	-0.2749	-0.0438
1.011	-0.2431	-0.01333
0.9464	-0.2115	-0.001868
0.8843	-0.2944	-0.032
0.739	-0.3545	0.01207
0.7467	-0.3413	0.03484
0.8048	-0.3341	0.04594
0.7272	-0.3192	0.1112
0.7213	-0.2988	0.1229
0.7459	-0.2596	0.1265
0.7239	-0.2202	0.1491
0.7699	-0.2042	0.1379
0.8249	-0.1998	0.1311
0.8836	-0.1997	0.1534
0.9338	-0.2227	0.1704
0.935	-0.3082	0.1294
0.9801	-0.3991	0.1046
1.111	-0.4264	0.1683
1.262	-0.384	0.2184
1.291	-0.3343	0.1778
1.255	-0.3753	0.1015
0.9303	-0.2154	0.1513
0.9333	-0.2713	0.157
0.9383	-0.302	0.1498
1.015	-0.4212	0.1462
1.116	-0.4224	0.2008
1.23	-0.3124	0.2533
1.258	-0.2671	0.1782
1.292	-0.3672	0.07368
1.381	-0.5865	0.03161
1.312	-0.6202	0.014
1.1	-0.4433	0.0002297
0.893	-0.272	-0.03199
0.8379	-0.238	-0.1037
0.9557	-0.3354	-0.1616
0.9953	-0.4243	-0.147
0.9613	-0.539	-0.05726
0.8985	-0.5632	0.07136
0.7308	-0.4557	0.1016
0.7151	-0.4163	0.006653
0.835	-0.3036	-0.07952
0.8784	-0.1901	-0.1334
0.9255	-0.211	-0.1154
0.9182	-0.1874	-0.04341
0.9011	-0.1891	-0.02448
0.9284	-0.184	-0.005026
0.8911	-0.1497	0.0164
0.8918	-0.2316	0.03876
0.9269	-0.2999	0.09048
0.9748	-0.2886	0.07513
1.069	-0.209	0.04549
1.094	-0.101	0.04236
1.098	-0.08379	0.02547
1.119	-0.1046	0.07124
1.092	-0.1588	0.146
1.09	-0.2715	0.1647
1.186	-0.3481	0.05936
1.298	-0.4029	-0.1508
1.251	-0.5397	-0.2271
1.064	-0.6452	-0.1117
0.9293	-0.5787	-0.03158
0.9858	-0.5355	-0.07661
1.219	-0.5088	-0.09317
1.354	-0.3577	-0.05029
1.216	-0.2749	-0.0438
1.011	-0.2431	-0.01333
0.9464	-0.2115	-0.001868
0.8843	-0.2944	-0.032
0.739	-0.3545	0.01207
0.7467	-0.3413	0.03484
0.8048	-0.3341	0.04594
0.7272	-0.3192	0.1112
0.7213	-0.2988	0.1229
0.7459	-0.2596	0.1265
0.7239	-0.2202	0.1491
0.7699	-0.2042	0.1379
0.8249	-0.1998	0.1311
0.8836	-0.1997	0.1534
0.9338	-0.2227	0.1704
0.935	-0.3082	0.1294
0.9801	-0.3991	0.1046
1.111	-0.4264	0.1683
1.262	-0.384	0.2184
1.291	-0.3343	0.1778
1.255	-0.3753	0.1015
1.313	-0.5051	0.04531
1.33	-0.6448	0.006537
1.197	-0.6079	0.01299
0.9553	-0.3862	0.01582
0.777	-0.2508	-0.04216
0.8892	-0.2723	-0.08061
1.081	-0.3714	-0.1136
1.103	-0.4284	-0.1304
0.9916	-0.4026	-0.05426
0.7919	-0.4119	0.0321
0.7535	-0.4166	0.03325
0.8697	-0.3974	-0.04555
0.8741	-0.3671	-0.09693
0.8765	-0.3006	-0.07178
0.8712	-0.2735	-0.03352
0.8212	-0.2344	-0.002938
0.8563	-0.1704	0.001938
0.903	-0.1612	0.0111
0.9609	-0.2065	0.04612
0.9782	-0.2757	0.0681
0.9409	-0.2743	0.07984
0.9902	-0.2335	0.06567
1.008	-0.2256	0.04459
0.9842	-0.214	0.05011
1.011	-0.1847	0.07075
1.081	-0.1467	0.1086
1.236	-0.1876	0.1082
1.325	-0.2835	0.008752
1.279	-0.3559	-0.147
1.203	-0.5262	-0.2257
1.049	-0.722	-0.1747
0.8774	-0.7401	-0.1262
0.916	-0.6551	-0.09522
1.191	-0.5463	-0.03195
1.399	-0.3727	-0.03382
1.267	-0.2226	-0.04149
1.03	-0.1951	-0.007197
0.9856	-0.2131	-0.03084
0.9131	-0.2492	-0.02732
0.7663	-0.3235	0.008691
0.7844	-0.3388	0.01179
0.7867	-0.3128	0.05474
0.6769	-0.3199	0.09537
0.6412	-0.3136	0.1044
0.6551	-0.2968	0.09865
0.6681	-0.2913	0.09124
0.7429	-0.2818	0.1317
0.8815	-0.2676	0.1565
0.9311	-0.2495	0.1576
0.9006	-0.2603	0.1605
0.9374	-0.3094	0.1384
1.01	-0.3847	0.1375
1.188	-0.4298	0.1833
1.347	-0.3083	0.2504
1.22	-0.1089	0.2455
1.12	-0.09035	0.1637
1.266	-0.2986	0.09096
1.378	-0.6347	0.00202
1.353	-0.8066	-0.05714
1.129	-0.552	-0.06074
0.7637	-0.2462	-0.09389
0.7022	-0.2709	-0.1377
0.9213	-0.4034	-0.1189
0.9797	-0.489	-0.05733
1.313	-0.5051	0.04531
1.33	-0.6448	0.006537
1.197	-0.6079	0.01299
0.9553	-0.3862	0.01582
0.777	-0.2508	-0.04216
0.8892	-0.2723	-0.08061
1.081	-0.3714	-0.1136
1.103	-0.4284	-0.1304
0.9916	-0.4026	-0.05426
0.7919	-0.4119	0.0321
0.7535	-0.4166	0.03325
0.8697	-0.3974	-0.04555
0.8741	-0.3671	-0.09693
0.8765	-0.3006	-0.07178
0.8712	-0.2735	-0.03352
0.8212	-0.2344	-0.002938
0.8563	-0.1704	0.001938
0.903	-0.1612	0.0111
0.9609	-0.2065	0.04612
0.9782	-0.2757	0.0681
0.9409	-0.2743	0.07984
0.9902	-0.2335	0.06567
1.008	-0.2256	0.04459
0.9842	-0.214	0.05011
1.011	-0.1847	0.07075
1.081	-0.1467	0.1086
1.236	-0.1876	0.1082
1.325	-0.2835	0.008752
1.279	-0.3559	-0.147
1.203	-0.5262	-0.2257
1.049	-0.722	-0.1747
0.8774	-0.7401	-0.1262
0.916	-0.6551	-0.09522
1.191	-0.5463	-0.03195
1.399	-0.3727	-0.03382
1.267	-0.2226	-0.04149
1.03	-0.1951	-0.007197
0.9856	-0.2131	-0.03084
0.9131	-0.2492	-0.02732
0.7663	-0.3235	0.008691
0.7844	-0.3388	0.01179
0.7867	-0.3128	0.05474
0.6769	-0.3199	0.09537
0.6412	-0.3136	0.1044
0.6551	-0.2968	0.09865
0.6681	-0.2913	0.09124
0.7429	-0.2818	0.1317
0.8815	-0.2676	0.1565
0.9311	-0.2495	0.1576
0.9006	-0.2603	0.1605
0.9374	-0.3094	0.1384
1.01	-0.3847	0.1375
1.188	-0.4298	0.1833
1.347	-0.3083	0.2504
1.22	-0.1089	0.2455
1.12	-0.09035	0.1637
1.266	-0.2986	0.09096
1.378	-0.6347	0.00202
1.353	-0.8066	-0.05714
1.129	-0.552	-0.06074
0.7637	-0.2462	-0.09389
0.7022	-0.2709	-0.1377
0.9213	-0.4034	-0.1189
0.9797	-0.489	-0.05733
0.9057	-0.5164	-0.03726
0.8388	-0.4373	-0.02398
0.7889	-0.3727	-0.01925
0.8065	-0.3241	-0.07021
0.8463	-0.2602	-0.0906
0.8822	-0.2472	-0.09251
0.8863	-0.2254	-0.07356
0.8547	-0.2228	-0.01872
0.8603	-0.2316	-0.008289
0.9033	-0.2053	0.004891
0.9545	-0.2363	0.02167
0.9665	-0.2703	0.02521
0.9901	-0.2776	0.04637
1.066	-0.28	0.04633
1.063	-0.2162	0.04395
1.018	-0.1455	0.02688
1.014	-0.1177	0.004115
1.005	-0.1379	0.0548
1.029	-0.2013	0.1704
1.082	-0.2514	0.2421
1.183	-0.2527	0.1046
1.365	-0.2489	-0.1444
1.428	-0.3647	-0.2239
1.248	-0.5497	-0.1685
1.019	-0.6591	-0.1591
0.9584	-0.6909	-0.174
1.056	-0.6797	-0.1188
1.129	-0.6222	-0.05775
1.109	-0.4498	-0.07686
1.092	-0.2796	-0.1073
1.078	-0.2736	-0.1213
0.9886	-0.309	-0.1252
0.8696	-0.3262	-0.06312
0.775	-0.3387	0.02735
0.7274	-0.3251	0.06974
0.7339	-0.3165	0.06682
0.7395	-0.3121	0.06695
0.7383	-0.312	0.1035
0.7637	-0.2903	0.1448
0.8103	-0.2529	0.1459
0.8456	-0.2306	0.1065
0.851	-0.2206	0.07962
0.8788	-0.2576	0.09182
0.9426	-0.3466	0.1015
0.9872	-0.4417	0.1218
0.9788	-0.4331	0.1777
0.971	-0.3601	0.2154
1.077	-0.3007	0.2329
1.224	-0.1338	0.2575
1.265	-0.1028	0.2013
1.256	-0.4228	0.07831
1.278	-0.7267	0.04571
1.266	-0.7451	0.05114
1.086	-0.4674	0.00556
0.8344	-0.1553	-0.05169
0.8177	-0.1315	-0.1327
1.002	-0.3168	-0.1481
1.08	-0.513	-0.06672
0.9674	-0.5495	-0.01981
0.7901	-0.4666	0.0153
0.7114	-0.4351	0.03165
0.7945	-0.3931	-0.02995
0.9065	-0.3347	-0.09967
0.9246	-0.2913	-0.1308
0.9057	-0.5164	-0.03726
0.8388	-0.4373	-0.02398
0.7889	-0.3727	-0.01925
0.8065	-0.3241	-0.07021
0.8463	-0.2602	-0.0906
0.8822	-0.2472	-0.09251
0.8863	-0.2254	-0.07356
0.8547	-0.2228	-0.01872
0.8603	-0.2316	-0.008289
0.9033	-0.2053	0.004891
0.9545	-0.2363	0.02167
0.9665	-0.2703	0.02521
0.9901	-0.2776	0.04637
1.066	-0.28	0.04633
1.063	-0.2162	0.04395
1.018	-0.1455	0.02688
1.014	-0.1177	0.004115
1.005	-0.1379	0.0548
1.029	-0.2013	0.1704
1.082	-0.2514	0.2421
1.183	-0.2527	0.1046
1.365	-0.2489	-0.1444
1.428	-0.3647	-0.2239
1.248	-0.5497	-0.1685
1.019	-0.6591	-0.1591
0.9584	-0.6909	-0.174
1.056	-0.6797	-0.1188
1.129	-0.6222	-0.05775
1.109	-0.4498	-0.07686
1.092	-0.2796	-0.1073
1.078	-0.2736	-0.1213
0.9886	-0.309	-0.1252
0.8696	-0.3262	-0.06312
0.775	-0.3387	0.02735
0.7274	-0.3251	0.06974
0.7339	-0.3165	0.06682
0.7395	-0.3121	0.06695
0.7383	-0.312	0.1035
0.7637	-0.2903	0.1448
0.8103	-0.2529	0.1459
0.8456	-0.2306	0.1065
0.851	-0.2206	0.07962
0.8788	-0.2576	0.09182
0.9426	-0.3466	0.1015
0.9872	-0.4417	0.1218
0.9788	-0.4331	0.1777
0.971	-0.3601	0.2154
1.077	-0.3007	0.2329
1.224	-0.1338	0.2575
1.265	-0.1028	0.2013
1.256	-0.4228	0.07831
1.278	-0.7267	0.04571
1.266	-0.7451	0.05114
1.086	-0.4674	0.00556
0.8344	-0.1553	-0.05169
0.8177	-0.1315	-0.1327
1.002	-0.3168	-0.1481
1.08	-0.513	-0.06672
0.9674	-0.5495	-0.01981
0.7901	-0.4666	0.0153
0.7114	-0.4351	0.03165
0.7945	-0.3931	-0.02995
0.9065	-0.3347	-0.09967
0.9246	-0.2913	-0.1308
0.8996	-0.2398	-0.09273
0.89	-0.1952	-0.03204
0.8854	-0.1506	-0.004499
0.8764	-0.1424	0.04695
0.8666	-0.1674	0.08025
0.8765	-0.2126	0.06998
0.9311	-0.2567	0.06142
1.034	-0.2512	0.02917
1.095	-0.2399	0.00164
1.052	-0.2289	-0.007086
1.038	-0.189	-0.01477
1.096	-0.122	0.03926
1.135	-0.0962	0.1473
1.189	-0.1994	0.1693
1.275	-0.3293	0.02964
1.317	-0.3999	-0.1363
1.187	-0.4905	-0.1679
0.9142	-0.5915	-0.1036
0.8145	-0.6293	-0.06414
1.015	-0.6332	-0.05838
1.307	-0.5712	-0.06657
1.426	-0.3795	-0.08882
1.235	-0.2252	-0.06576
0.991	-0.2132	-0.03596
0.9273	-0.2466	-0.04569
0.8369	-0.297	-0.003318
0.7043	-0.3419	0.06335
0.741	-0.3421	0.07693
0.7859	-0.3033	0.0618
0.7323	-0.2713	0.05464
0.7157	-0.2656	0.06834
0.7012	-0.2512	0.08437
0.7655	-0.2543	0.1193
0.9131	-0.2628	0.1509
0.9174	-0.2675	0.1474
0.9003	-0.3007	0.1562
0.9461	-0.3209	0.1553
0.9815	-0.3463	0.1502
1.151	-0.3715	0.1994
1.291	-0.3237	0.2653
1.202	-0.2001	0.2824
1.154	-0.1224	0.2134
1.277	-0.3405	0.07334
1.438	-0.7454	-0.08554
1.498	-0.8423	-0.1636
1.218	-0.5397	-0.1254
0.7737	-0.2229	-0.1366
0.742	-0.2016	-0.1933
0.9854	-0.4014	-0.1453
1.023	-0.5142	-0.08746
0.887	-0.4634	-0.02524
0.7244	-0.4314	0.08561
0.7017	-0.4535	0.06215
0.7775	-0.401	-0.03033
0.7819	-0.2999	-0.0575
0.8408	-0.2406	-0.1133
0.8412	-0.195	-0.1003
0.752	-0.1588	-0.01704
0.791	-0.1252	-0.005723
0.9074	-0.1366	0.02021
1.051	-0.1977	0.04258
1.076	-0.1721	0.04572
1.024	-0.1598	0.09662
1.034	-0.2019	0.1236
0.8996	-0.2398	-0.09273
0.89	-0.1952	-0.03204
0.8854	-0.1506	-0.004499
0.8764	-0.1424	0.04695
0.8666	-0.1674	0.08025
0.8765	-0.2126	0.06998
0.9311	-0.2567	0.06142
1.034	-0.2512	0.02917
1.095	-0.2399	0.00164
1.052	-0.2289	-0.007086
1.038	-0.189	-0.01477
1.096	-0.122	0.03926
1.135	-0.0962	0.1473
1.189	-0.1994	0.1693
1.275	-0.3293	0.02964
1.317	-0.3999	-0.1363
1.187	-0.4905	-0.1679
0.9142	-0.5915	-0.1036
0.8145	-0.6293	-0.06414
1.015	-0.6332	-0.05838
1.307	-0.5712	-0.06657
1.426	-0.3795	-0.08882
1.235	-0.2252	-0.06576
0.991	-0.2132	-0.03596
0.9273	-0.2466	-0.04569
0.8369	-0.297	-0.003318
0.7043	-0.3419	0.06335
0.741	-0.3421	0.07693
0.7859	-0.3033	0.0618
0.7323	-0.2713	0.05464
0.7157	-0.2656	0.06834
0.7012	-0.2512	0.08437
0.7655	-0.2543	0.1193
0.9131	-0.2628	0.1509
0.9174	-0.2675	0.1474
0.9003	-0.3007	0.1562
0.9461	-0.3209	0.1553
0.9815	-0.3463	0.1502
1.151	-0.3715	0.1994
1.291	-0.3237	0.2653
1.202	-0.2001	0.2824
1.154	-0.1224	0.2134
1.277	-0.3405	0.07334
1.438	-0.7454	-0.08554
1.498	-0.8423	-0.1636
1.218	-0.5397	-0.1254
0.7737	-0.2229	-0.1366
0.742	-0.2016	-0.1933
0.9854	-0.4014	-0.1453
1.023	-0.5142	-0.08746
0.887	-0.4634	-0.02524
0.7244	-0.4314	0.08561
0.7017	-0.4535	0.06215
0.7775	-0.401	-0.03033
0.7819	-0.2999	-0.0575
0.8408	-0.2406	-0.1133
0.8412	-0.195	-0.1003
0.752	-0.1588	-0.01704
0.791	-0.1252	-0.005723
0.9074	-0.1366	0.02021
1.051	-0.1977	0.04258
1.076	-0.1721	0.04572
1.024	-0.1598	0.09662
1.034	-0.2019	0.1236
0.9402	-0.1766	0.1193
0.9665	-0.1912	0.05463
1.099	-0.2134	-0.02318
1.048	-0.1994	0.01758
1.065	-0.2411	0.1021
1.113	-0.2942	0.1366
1.173	-0.3664	0.02942
1.37	-0.4295	-0.1511
1.383	-0.5008	-0.1687
1.158	-0.5965	-0.1199
0.8874	-0.5631	-0.1431
0.8336	-0.5437	-0.1386
1.085	-0.5992	-0.1034
1.247	-0.5115	-0.08243
1.22	-0.373	-0.06864
1.124	-0.2842	-0.07567
1.001	-0.2579	-0.07353
0.9252	-0.2986	-0.05443
0.8603	-0.2959	-0.03353
0.8026	-0.3164	0.001355
0.784	-0.3284	0.007332
0.7881	-0.2613	0.02962
0.7261	-0.2521	0.09631
0.6671	-0.2501	0.08922
0.7218	-0.2407	0.08033
0.7218	-0.2545	0.1426
0.7619	-0.2395	0.1604
0.9049	-0.2642	0.1606
0.9489	-0.2843	0.1812
0.9558	-0.3065	0.1673
0.9786	-0.3724	0.1393
1.068	-0.3918	0.1306
1.207	-0.3755	0.1815
1.241	-0.2877	0.2466
1.195	-0.1973	0.2064
1.166	-0.3045	0.1043
1.272	-0.588	0.001522
1.345	-0.7932	-0.06324
1.145	-0.6004	-0.03308
0.8322	-0.2378	-0.04482
0.7013	-0.1824	-0.117
0.9128	-0.2954	-0.1114
1.106	-0.4039	-0.1075
0.9725	-0.5132	-0.07128
0.8328	-0.4881	0.04604
0.74	-0.4294	0.05892
0.6617	-0.4119	-0.006795
0.7873	-0.3371	-0.06895
0.8965	-0.2741	-0.129
0.8736	-0.2391	-0.09761
0.8806	-0.216	-0.03283
0.8727	-0.2103	-0.005694
0.8995	-0.194	0.02455
0.9632	-0.2246	0.05034
0.9591	-0.2634	0.08177
0.9627	-0.2523	0.08698
0.9803	-0.2111	0.05631
1.028	-0.158	0.04988
1.093	-0.1624	0.03305
1.077	-0.149	0.03168
1.081	-0.0903	0.08704
1.169	-0.1455	0.1048
1.277	-0.2368	0.04217
1.342	-0.268	-0.0666
0.9402	-0.1766	0.1193
0.9665	-0.1912	0.05463
1.099	-0.2134	-0.02318
1.048	-0.1994	0.01758
1.065	-0.2411	0.1021
1.113	-0.2942	0.1366
1.173	-0.3664	0.02942
1.37	-0.4295	-0.1511
1.383	-0.5008	-0.1687
1.158	-0.5965	-0.1199
0.8874	-0.5631	-0.1431
0.8336	-0.5437	-0.1386
1.085	-0.5992	-0.1034
1.247	-0.5115	-0.08243
1.22	-0.373	-0.06864
1.124	-0.2842	-0.07567
1.001	-0.2579	-0.07353
0.9252	-0.2986	-0.05443
0.8603	-0.2959	-0.03353
0.8026	-0.3164	0.001355
0.784	-0.3284	0.007332
0.7881	-0.2613	0.02962
0.7261	-0.2521	0.09631
0.6671	-0.2501	0.08922
0.7218	-0.2407	0.08033
0.7218	-0.2545	0.1426
0.7619	-0.2395	0.1604
0.9049	-0.2642	0.1606
0.9489	-0.2843	0.1812
0.9558	-0.3065	0.1673
0.9786	-0.3724	0.1393
1.068	-0.3918	0.1306
1.207	-0.3755	0.1815
1.241	-0.2877	0.2466
1.195	-0.1973	0.2064
1.166	-0.3045	0.1043
1.272	-0.588	0.001522
1.345	-0.7932	-0.06324
1.145	-0.6004	-0.03308
0.8322	-0.2378	-0.04482
0.7013	-0.1824	-0.117
0.9128	-0.2954	-0.1114
1.106	-0.4039	-0.1075
0.9725	-0.5132	-0.07128
0.8328	-0.4881	0.04604
0.74	-0.4294	0.05892
0.6617	-0.4119	-0.006795
0.7873	-0.3371	-0.06895
0.8965	-0.2741	-0.129
0.8736	-0.2391	-0.09761
0.8806	-0.216	-0.03283
0.8727	-0.2103	-0.005694
0.8995	-0.194	0.02455
0.9632	-0.2246	0.05034
0.9591	-0.2634	0.08177
0.9627	-0.2523	0.08698
0.9803	-0.2111	0.05631
1.028	-0.158	0.04988
1.093	-0.1624	0.03305
1.077	-0.149	0.03168
1.081	-0.0903	0.08704
1.169	-0.1455	0.1048
1.277	-0.2368	0.04217
1.342	-0.268	-0.0666
1.279	-0.3696	-0.1321
1.051	-0.5709	-0.1222
0.7955	-0.7188	-0.1032
0.8589	-0.6861	-0.07695
1.247	-0.5869	-0.0772
1.474	-0.506	-0.0911
1.323	-0.3548	-0.06255
1.072	-0.2541	-0.04725
0.9665	-0.2715	-0.03775
0.8674	-0.2811	-0.03189
0.7488	-0.2869	-0.02977
0.7658	-0.2939	0.01622
0.7617	-0.307	0.06228
0.7251	-0.3195	0.1046
0.7251	-0.2877	0.1274
0.6886	-0.2592	0.1139
0.7241	-0.2432	0.1243
0.7882	-0.2398	0.1225
0.8646	-0.244	0.1146
0.9364	-0.2468	0.1341
0.8875	-0.2927	0.1385
0.9084	-0.3448	0.1418
0.9643	-0.3826	0.1366
0.9962	-0.3911	0.1436
1.163	-0.34	0.2139
1.293	-0.2935	0.2678
1.304	-0.2971	0.2098
1.33	-0.4174	0.08337
1.367	-0.5934	0.01211
1.267	-0.585	-0.006473
1.017	-0.4024	-0.04304
0.8571	-0.2447	-0.1067
0.8699	-0.2384	-0.182
0.9501	-0.3738	-0.1785
0.9648	-0.4862	-0.09678
0.8838	-0.4951	-0.01785
0.8235	-0.4451	0.03332
0.8312	-0.3856	-0.01155
0.9037	-0.3608	-0.0783
0.9376	-0.336	-0.07419
0.8765	-0.2908	-0.06809
0.8193	-0.244	-0.04162
0.806	-0.1946	-0.01024
0.8378	-0.173	-0.01416
0.8668	-0.1821	0.004769
0.9089	-0.2257	0.0399
0.9834	-0.2671	0.0642
1.044	-0.2138	0.06054
1.11	-0.1324	0.04765
1.101	-0.1191	0.05846
1.059	-0.1238	0.05406
1.072	-0.09628	0.05926
1.061	-0.08286	0.09681
1.092	-0.1605	0.1177
1.182	-0.2879	0.07802
1.292	-0.3714	-0.06071
1.391	-0.4572	-0.1978
1.302	-0.5583	-0.1939
1.001	-0.5739	-0.1138
0.7757	-0.5647	-0.08642
0.9872	-0.569	-0.0948
1.29	-0.4898	-0.07954
1.171	-0.3938	-0.05999
1.143	-0.3127	-0.03944
1.279	-0.3696	-0.1321
1.051	-0.5709	-0.1222
0.7955	-0.7188	-0.1032
0.8589	-0.6861	-0.07695
1.247	-0.5869	-0.0772
1.474	-0.506	-0.0911
1.323	-0.3548	-0.06255
1.072	-0.2541	-0.04725
0.9665	-0.2715	-0.03775
0.8674	-0.2811	-0.03189
0.7488	-0.2869	-0.02977
0.7658	-0.2939	0.01622
0.7617	-0.307	0.06228
0.7251	-0.3195	0.1046
0.7251	-0.2877	0.1274
0.6886	-0.2592	0.1139
0.7241	-0.2432	0.1243
0.7882	-0.2398	0.1225
0.8646	-0.244	0.1146
0.9364	-0.2468	0.1341
0.8875	-0.2927	0.1385
0.9084	-0.3448	0.1418
0.9643	-0.3826	0.1366
0.9962	-0.3911	0.1436
1.163	-0.34	0.2139
1.293	-0.2935	0.2678
1.304	-0.2971	0.2098
1.33	-0.4174	0.08337
1.367	-0.5934	0.01211
1.267	-0.585	-0.006473
1.017	-0.4024	-0.04304
0.8571	-0.2447	-0.1067
0.8699	-0.2384	-0.182
0.9501	-0.3738	-0.1785
0.9648	-0.4862	-0.09678
0.8838	-0.4951	-0.01785
0.8235	-0.4451	0.03332
0.8312	-0.3856	-0.01155
0.9037	-0.3608	-0.0783
0.9376	-0.336	-0.07419
0.8765	-0.2908	-0.06809
0.8193	-0.244	-0.04162
0.806	-0.1946	-0.01024
0.8378	-0.173	-0.01416
0.8668	-0.1821	0.004769
0.9089	-0.2257	0.0399
0.9834	-0.2671	0.0642
1.044	-0.2138	0.06054
1.11	-0.1324	0.04765
1.101	-0.1191	0.05846
1.059	-0.1238	0.05406
1.072	-0.09628	0.05926
1.061	-0.08286	0.09681
1.092	-0.1605	0.1177
1.182	-0.2879	0.07802
1.292	-0.3714	-0.06071
1.391	-0.4572	-0.1978
1.302	-0.5583	-0.1939
1.001	-0.5739	-0.1138
0.7757	-0.5647	-0.08642
0.9872	-0.569	-0.0948
1.29	-0.4898	-0.07954
1.171	-0.3938	-0.05999
1.143	-0.3127	-0.03944
1.246	-0.2795	-0.03499
1.011	-0.3394	-0.06137
0.8735	-0.3168	-0.06892
0.8696	-0.3074	-0.05157
0.7627	-0.3795	0.001974
0.756	-0.3463	0.07456
0.7378	-0.3244	0.09544
0.7137	-0.2986	0.09361
0.7038	-0.2311	0.1008
0.6781	-0.2271	0.09759
0.783	-0.1845	0.1102
0.9072	-0.1811	0.146
0.9977	-0.2349	0.1629
0.9938	-0.2819	0.1521
0.9296	-0.3853	0.1373
0.986	-0.4296	0.1302
1.094	-0.4264	0.1544
1.281	-0.4088	0.2457
1.367	-0.3456	0.3367
1.247	-0.3109	0.277
1.251	-0.3299	0.1248
1.304	-0.6057	0.007654
1.265	-0.9184	-0.08371
1.095	-0.6576	-0.07265
0.7916	-0.2553	-0.05763
0.7475	-0.2807	-0.153
0.9913	-0.3426	-0.1522
1.112	-0.3693	-0.1295
0.9954	-0.5072	-0.1233
0.767	-0.5261	0.03117
0.6261	-0.4867	0.09495
0.6884	-0.4317	0.009007
0.8258	-0.2989	-0.07418
0.8916	-0.2059	-0.1564
0.9205	-0.1612	-0.1318
0.9175	-0.1836	-0.06686
0.8878	-0.2145	-0.05132
0.9294	-0.2077	-0.003042
0.962	-0.2256	0.04066
0.9713	-0.2222	0.05413
1.008	-0.2409	0.05629
1	-0.2563	0.0604
1.022	-0.2332	0.05623
1.027	-0.2363	0.0295
0.992	-0.1903	0.04094
1.053	-0.1503	0.09448
1.137	-0.1962	0.1455
1.234	-0.2281	0.1129
1.286	-0.2453	-0.03581
1.239	-0.3817	-0.1562
1.165	-0.6078	-0.1473
0.9747	-0.6868	-0.07901
0.8574	-0.6714	-0.07695
1.034	-0.6902	-0.1171
1.29	-0.5958	-0.1244
1.398	-0.4277	-0.1213
1.184	-0.2886	-0.07321
0.861	-0.2204	-0.03761
0.8386	-0.2737	-0.06932
0.878	-0.3178	-0.07129
0.7804	-0.363	-0.02881
0.7486	-0.4136	0.05156
0.724	-0.3633	0.1178
0.6939	-0.3347	0.1212
1.246	-0.2795	-0.03499
1.011	-0.3394	-0.06137
0.8735	-0.3168	-0.06892
0.8696	-0.3074	-0.05157
0.7627	-0.3795	0.001974
0.756	-0.3463	0.07456
0.7378	-0.3244	0.09544
0.7137	-0.2986	0.09361
0.7038	-0.2311	0.1008
0.6781	-0.2271	0.09759
0.783	-0.1845	0.1102
0.9072	-0.1811	0.146
0.9977	-0.2349	0.1629
0.9938	-0.2819	0.1521
0.9296	-0.3853	0.1373
0.986	-0.4296	0.1302
1.094	-0.4264	0.1544
1.281	-0.4088	0.2457
1.367	-0.3456	0.3367
1.247	-0.3109	0.277
1.251	-0.3299	0.1248
1.304	-0.6057	0.007654
1.265	-0.9184	-0.08371
1.095	-0.6576	-0.07265
0.7916	-0.2553	-0.05763
0.7475	-0.2807	-0.153
0.9913	-0.3426	-0.1522
1.112	-0.3693	-0.1295
0.9954	-0.5072	-0.1233
0.767	-0.5261	0.03117
0.6261	-0.4867	0.09495
0.6884	-0.4317	0.009007
0.8258	-0.2989	-0.07418
0.8916	-0.2059	-0.1564
0.9205	-0.1612	-0.1318
0.9175	-0.1836	-0.06686
0.8878	-0.2145	-0.05132
0.9294	-0.2077	-0.003042
0.962	-0.2256	0.04066
0.9713	-0.2222	0.05413
1.008	-0.2409	0.05629
1	-0.2563	0.0604
1.022	-0.2332	0.05623
1.027	-0.2363	0.0295
0.992	-0.1903	0.04094
1.053	-0.1503	0.09448
1.137	-0.1962	0.1455
1.234	-0.2281	0.1129
1.286	-0.2453	-0.03581
1.239	-0.3817	-0.1562
1.165	-0.6078	-0.1473
0.9747	-0.6868	-0.07901
0.8574	-0.6714	-0.07695
1.034	-0.6902	-0.1171
1.29	-0.5958	-0.1244
1.398	-0.4277	-0.1213
1.184	-0.2886	-0.07321
0.861	-0.2204	-0.03761
0.8386	-0.2737	-0.06932
0.878	-0.3178	-0.07129
0.7804	-0.363	-0.02881
0.7486	-0.4136	0.05156
0.724	-0.3633	0.1178
0.6939	-0.3347	0.1212
0.7128	-0.3121	0.1148
0.7187	-0.2466	0.1108
0.7937	-0.2176	0.1207
0.875	-0.1856	0.1359
0.8805	-0.1924	0.1526
0.8877	-0.2394	0.167
0.9123	-0.2998	0.1546
0.9891	-0.3685	0.1338
1.071	-0.3492	0.1124
1.161	-0.3151	0.1756
1.277	-0.2731	0.2643
1.29	-0.2335	0.1987
1.293	-0.4153	0.08505
1.332	-0.7128	-0.004356
1.266	-0.7993	-0.06084
1.077	-0.5759	-0.02915
0.8304	-0.2957	-0.06613
0.7652	-0.2522	-0.1542
0.9381	-0.3432	-0.1407
1.011	-0.4153	-0.1109
0.9051	-0.4692	-0.04525
0.8223	-0.4801	0.063
0.8092	-0.436	0.04568
0.8357	-0.3639	-0.04237
0.8699	-0.3224	-0.07079
0.8825	-0.2906	-0.06713
0.8755	-0.2348	-0.05293
0.8643	-0.2009	-0.03056
0.8761	-0.1722	0.007503
0.9069	-0.1221	0.03888
0.9475	-0.09338	0.02974
0.9634	-0.1414	0.05409
0.9146	-0.2247	0.1065
0.8868	-0.2569	0.1116
0.9279	-0.2589	0.1066
0.9549	-0.2555	0.1024
0.9628	-0.2526	0.08935
1.043	-0.2584	0.0464
1.153	-0.248	-0.006128
1.153	-0.23	0.05295
1.159	-0.2286	0.1293
1.262	-0.2873	0.08051
1.312	-0.3754	-0.02684
1.307	-0.3968	-0.1512
1.194	-0.4499	-0.2138
0.9283	-0.5863	-0.1773
0.8197	-0.6464	-0.1282
0.9671	-0.611	-0.06084
1.193	-0.509	-0.04875
1.332	-0.3304	-0.1071
1.208	-0.2282	-0.09165
1.006	-0.2538	-0.0767
0.9603	-0.2869	-0.07238
0.8637	-0.3273	0.005026
0.7306	-0.3553	0.05804
0.7668	-0.3054	0.07559
0.7624	-0.2568	0.07501
0.6926	-0.2628	0.07916
0.733	-0.2866	0.1067
0.7466	-0.3019	0.1049
0.7764	-0.2734	0.1252
0.8825	-0.2291	0.147
0.9041	-0.2264	0.1523
0.9005	-0.2425	0.1689
0.7128	-0.3121	0.1148
0.7187	-0.2466	0.1108
0.7937	-0.2176	0.1207
0.875	-0.1856	0.1359
0.8805	-0.1924	0.1526
0.8877	-0.2394	0.167
0.9123	-0.2998	0.1546
0.9891	-0.3685	0.1338
1.071	-0.3492	0.1124
1.161	-0.3151	0.1756
1.277	-0.2731	0.2643
1.29	-0.2335	0.1987
1.293	-0.4153	0.08505
1.332	-0.7128	-0.004356
1.266	-0.7993	-0.06084
1.077	-0.5759	-0.02915
0.8304	-0.2957	-0.06613
0.7652	-0.2522	-0.1542
0.9381	-0.3432	-0.1407
1.011	-0.4153	-0.1109
0.9051	-0.4692	-0.04525
0.8223	-0.4801	0.063
0.8092	-0.436	0.04568
0.8357	-0.3639	-0.04237
0.8699	-0.3224	-0.07079
0.8825	-0.2906	-0.06713
0.8755	-0.2348	-0.05293
0.8643	-0.2009	-0.03056
0.8761	-0.1722	0.007503
0.9069	-0.1221	0.03888
0.9475	-0.09338	0.02974
0.9634	-0.1414	0.05409
0.9146	-0.2247	0.1065
0.8868	-0.2569	0.1116
0.9279	-0.2589	0.1066
0.9549	-0.2555	0.1024
0.9628	-0.2526	0.08935
1.043	-0.2584	0.0464
1.153	-0.248	-0.006128
1.153	-0.23	0.05295
1.159	-0.2286	0.1293
1.262	-0.2873	0.08051
1.312	-0.3754	-0.02684
1.307	-0.3968	-0.1512
1.194	-0.4499	-0.2138
0.9283	-0.5863	-0.1773
0.8197	-0.6464	-0.1282
0.9671	-0.611	-0.06084
1.193	-0.509	-0.04875
1.332	-0.3304	-0.1071
1.208	-0.2282	-0.09165
1.006	-0.2538	-0.0767
0.9603	-0.2869	-0.07238
0.8637	-0.3273	0.005026
0.7306	-0.3553	0.05804
0.7668	-0.3054	0.07559
0.7624	-0.2568	0.07501
0.6926	-0.2628	0.07916
0.733	-0.2866	0.1067
0.7466	-0.3019	0.1049
0.7764	-0.2734	0.1252
0.8825	-0.2291	0.147
0.9041	-0.2264	0.1523
0.9005	-0.2425	0.1689
0.9273	-0.2701	0.1375
0.9521	-0.3293	0.09783
1.039	-0.361	0.09098
1.2	-0.2791	0.1745
1.305	-0.1325	0.288
1.243	-0.09464	0.2458
1.205	-0.2935	0.1727
1.282	-0.6853	0.1045
1.272	-0.9171	-0.02437
1.115	-0.6797	-0.03397
0.8269	-0.3122	-0.02293
0.6479	-0.214	-0.1108
0.8881	-0.2385	-0.1352
1.107	-0.2927	-0.1421
0.9731	-0.4544	-0.1134
0.9146	-0.6184	0.001991
0.9492	-0.6023	0.01847
0.8725	-0.4559	-0.01833
0.8708	-0.3757	-0.04994
0.8977	-0.2857	-0.1106
0.9075	-0.2376	-0.09678
0.9473	-0.2884	-0.07066
0.845	-0.228	-0.03855
0.7545	-0.2247	0.03852
0.8659	-0.2196	0.02763
0.9611	-0.1218	-0.0001038
0.9487	-0.2268	0.04509
0.949	-0.3149	0.08065
0.9905	-0.3201	0.1026
1.019	-0.3095	0.08747
1.045	-0.1987	0.03192
1.036	-0.2065	0.03309
0.9982	-0.1941	0.063
1.035	-0.1247	0.09695
1.071	-0.1604	0.1491
1.112	-0.1835	0.1099
1.224	-0.2728	0.0002163
1.297	-0.4053	-0.105
1.29	-0.5182	-0.1904
1.151	-0.6265	-0.2039
0.9706	-0.6759	-0.2092
0.9614	-0.7172	-0.1787
1.04	-0.6257	-0.07356
1.065	-0.4046	-0.04525
1.053	-0.2578	-0.07437
1.076	-0.2198	-0.09418
1.097	-0.2947	-0.1111
0.9966	-0.3559	-0.05833
0.8358	-0.3495	0.02473
0.7641	-0.3414	0.04865
0.7827	-0.3013	0.03902
0.7734	-0.3017	0.06587
0.7196	-0.318	0.112
0.6903	-0.2921	0.1259
0.6991	-0.2895	0.1425
0.7913	-0.2589	0.1541
0.9067	-0.2192	0.1383
0.9243	-0.2279	0.1355
0.9362	-0.258	0.1336
0.9835	-0.3185	0.1191
0.9761	-0.3806	0.1172
1.013	-0.4061	0.1532
1.178	-0.3383	0.2405
1.313	-0.2127	0.2934
0.9273	-0.2701	0.1375
0.9521	-0.3293	0.09783
1.039	-0.361	0.09098
1.2	-0.2791	0.1745
1.305	-0.1325	0.288
1.243	-0.09464	0.2458
1.205	-0.2935	0.1727
1.282	-0.6853	0.1045
1.272	-0.9171	-0.02437
1.115	-0.6797	-0.03397
0.8269	-0.3122	-0.02293
0.6479	-0.214	-0.1108
0.8881	-0.2385	-0.1352
1.107	-0.2927	-0.1421
0.9731	-0.4544	-0.1134
0.9146	-0.6184	0.001991
0.9492	-0.6023	0.01847
0.8725	-0.4559	-0.01833
0.8708	-0.3757	-0.04994
0.8977	-0.2857	-0.1106
0.9075	-0.2376	-0.09678
0.9473	-0.2884	-0.07066
0.845	-0.228	-0.03855
0.7545	-0.2247	0.03852
0.8659	-0.2196	0.02763
0.9611	-0.1218	-0.0001038
0.9487	-0.2268	0.04509
0.949	-0.3149	0.08065
0.9905	-0.3201	0.1026
1.019	-0.3095	0.08747
1.045	-0.1987	0.03192
1.036	-0.2065	0.03309
0.9982	-0.1941	0.063
1.035	-0.1247	0.09695
1.071	-0.1604	0.1491
1.112	-0.1835	0.1099
1.224	-0.2728	0.0002163
1.297	-0.4053	-0.105
1.29	-0.5182	-0.1904
1.151	-0.6265	-0.2039
0.9706	-0.6759	-0.2092
0.9614	-0.7172	-0.1787
1.04	-0.6257	-0.07356
1.065	-0.4046	-0.04525
1.053	-0.2578	-0.07437
1.076	-0.2198	-0.09418
1.097	-0.2947	-0.1111
0.9966	-0.3559	-0.05833
0.8358	-0.3495	0.02473
0.7641	-0.3414	0.04865
0.7827	-0.3013	0.03902
0.7734	-0.3017	0.06587
0.7196	-0.318	0.112
0.6903	-0.2921	0.1259
0.6991	-0.2895	0.1425
0.7913	-0.2589	0.1541
0.9067	-0.2192	0.1383
0.9243	-0.2279	0.1355
0.9362	-0.258	0.1336
0.9835	-0.3185	0.1191
0.9761	-0.3806	0.1172
1.013	-0.4061	0.1532
1.178	-0.3383	0.2405
1.313	-0.2127	0.2934
1.311	-0.2102	0.1907
1.258	-0.3768	0.02526
1.256	-0.6342	-0.02465
1.243	-0.756	-0.01235
1.092	-0.5572	-0.03363
0.8724	-0.3079	-0.0933
0.8034	-0.2695	-0.1761
0.9534	-0.3563	-0.172
1.041	-0.4723	-0.1056
0.906	-0.525	-0.0804
0.7876	-0.4788	-0.004034
0.7776	-0.4169	0.0761
0.824	-0.3369	0.01718
0.8795	-0.2332	-0.06437
0.8618	-0.166	-0.05972
0.8517	-0.1466	-0.04467
0.8659	-0.1517	-0.03461
0.8449	-0.1503	0.0122
0.8456	-0.1444	0.03882
0.8733	-0.1712	0.04692
0.9276	-0.2129	0.06328
1.026	-0.2417	0.03989
1.093	-0.2637	0.02864
1.044	-0.2607	0.04069
0.9693	-0.2569	0.03074
0.9918	-0.2695	0.03201
1.019	-0.2609	0.03618
1.048	-0.2676	0.06339
1.136	-0.2858	0.1359
1.164	-0.282	0.1652
1.205	-0.3051	0.05477
1.339	-0.3725	-0.1275
1.376	-0.4925	-0.1816
1.227	-0.5796	-0.1368
0.921	-0.5506	-0.1406
0.6789	-0.5407	-0.1383
0.8458	-0.5638	-0.08986
1.21	-0.4982	-0.05701
1.327	-0.379	-0.05979
1.249	-0.2663	-0.0599
1.124	-0.2211	-0.04251
1.008	-0.2572	-0.04616
0.9085	-0.2716	-0.03972
0.7498	-0.2907	0.02703
0.6731	-0.3412	0.08946
0.6901	-0.3438	0.08319
0.6676	-0.3304	0.06
0.6822	-0.2955	0.07439
0.7029	-0.2399	0.08936
0.7354	-0.2391	0.1074
0.8401	-0.2564	0.1522
0.9308	-0.2705	0.1686
0.9551	-0.2961	0.1473
0.9296	-0.3469	0.1076
0.9797	-0.4256	0.08085
1.133	-0.4271	0.1424
1.251	-0.306	0.2432
1.245	-0.196	0.2643
1.199	-0.2551	0.1808
1.276	-0.4783	0.05785
1.37	-0.8325	-0.03098
1.339	-1.055	-0.0721
1.062	-0.6611	-0.06031
0.652	-0.1724	-0.05556
1.311	-0.2102	0.1907
1.258	-0.3768	0.02526
1.256	-0.6342	-0.02465
1.243	-0.756	-0.01235
1.092	-0.5572	-0.03363
0.8724	-0.3079	-0.0933
0.8034	-0.2695	-0.1761
0.9534	-0.3563	-0.172
1.041	-0.4723	-0.1056
0.906	-0.525	-0.0804
0.7876	-0.4788	-0.004034
0.7776	-0.4169	0.0761
0.824	-0.3369	0.01718
0.8795	-0.2332	-0.06437
0.8618	-0.166	-0.05972
0.8517	-0.1466	-0.04467
0.8659	-0.1517	-0.03461
0.8449	-0.1503	0.0122
0.8456	-0.1444	0.03882
0.8733	-0.1712	0.04692
0.9276	-0.2129	0.06328
1.026	-0.2417	0.03989
1.093	-0.2637	0.02864
1.044	-0.2607	0.04069
0.9693	-0.2569	0.03074
0.9918	-0.2695	0.03201
1.019	-0.2609	0.03618
1.048	-0.2676	0.06339
1.136	-0.2858	0.1359
1.164	-0.282	0.1652
1.205	-0.3051	0.05477
1.339	-0.3725	-0.1275
1.376	-0.4925	-0.1816
1.227	-0.5796	-0.1368
0.921	-0.5506	-0.1406
0.6789	-0.5407	-0.1383
0.8458	-0.5638	-0.08986
1.21	-0.4982	-0.05701
1.327	-0.379	-0.05979
1.249	-0.2663	-0.0599
1.124	-0.2211	-0.04251
1.008	-0.2572	-0.04616
0.9085	-0.2716	-0.03972
0.7498	-0.2907	0.02703
0.6731	-0.3412	0.08946
0.6901	-0.3438	0.08319
0.6676	-0.3304	0.06
0.6822	-0.2955	0.07439
0.7029	-0.2399	0.08936
0.7354	-0.2391	0.1074
0.8401	-0.2564	0.1522
0.9308	-0.2705	0.1686
0.9551	-0.2961	0.1473
0.9296	-0.3469	0.1076
0.9797	-0.4256	0.08085
1.133	-0.4271	0.1424
1.251	-0.306	0.2432
1.245	-0.196	0.2643
1.199	-0.2551	0.1808
1.276	-0.4783	0.05785
1.37	-0.8325	-0.03098
1.339	-1.055	-0.0721
1.062	-0.6611	-0.06031
0.652	-0.1724	-0.05556
0.6848	-0.306	-0.1168
1.017	-0.4959	-0.1553
1.098	-0.5065	-0.1332
1.017	-0.5834	-0.07805
0.8555	-0.4813	0.003706
0.7448	-0.3541	0.02821
0.7725	-0.3163	-0.02523
0.8115	-0.2472	-0.08149
0.9227	-0.2609	-0.1166
0.9513	-0.2233	-0.106
0.8995	-0.1946	-0.049
0.9369	-0.2217	0.002572
0.9382	-0.1553	0.03702
0.9557	-0.1741	0.05708
0.9676	-0.2091	0.06696
0.9446	-0.2152	0.08445
0.9765	-0.2567	0.09309
0.9613	-0.1923	0.0727
0.9583	-0.1656	0.04364
0.9929	-0.1934	0.03023
1.029	-0.1916	0.0356
1.123	-0.2359	0.09147
1.193	-0.2658	0.1693
1.253	-0.2956	0.1205
1.291	-0.3462	-0.05785
1.206	-0.453	-0.1971
1.042	-0.5995	-0.1905
0.9179	-0.6471	-0.1234
0.9593	-0.6845	-0.1344
1.101	-0.7126	-0.1205
1.181	-0.5735	-0.07031
1.17	-0.3492	-0.06995
1.079	-0.2532	-0.01559
0.9632	-0.2946	-0.02261
0.8568	-0.2997	-0.09239
0.7919	-0.2994	-0.06072
0.8137	-0.352	-0.0483
0.8175	-0.3607	-0.02
0.7787	-0.3561	0.03156
0.7467	-0.3653	0.05487
0.699	-0.3429	0.1184
0.7148	-0.3019	0.1113
0.7917	-0.27	0.1125
0.8695	-0.2501	0.1601
0.9446	-0.2234	0.1414
0.9349	-0.2139	0.1582
0.8984	-0.242	0.161
0.916	-0.2731	0.1395
0.974	-0.2907	0.1641
1.12	-0.2934	0.201
1.22	-0.264	0.2618
1.191	-0.2399	0.2266
1.217	-0.3504	0.121
1.289	-0.6137	0.05219
1.312	-0.875	-0.04981
1.305	-0.9217	-0.09334
1.117	-0.584	-0.06923
0.757	-0.1222	-0.1017
0.6847	-0.03271	-0.1534
0.9789	-0.261	-0.1646
1.139	-0.4501	-0.1148
0.9849	-0.5184	-0.03569
0.7968	-0.4847	0.02636
0.776	-0.408	0.01733
0.6848	-0.306	-0.1168
1.017	-0.4959	-0.1553
1.098	-0.5065	-0.1332
1.017	-0.5834	-0.07805
0.8555	-0.4813	0.003706
0.7448	-0.3541	0.02821
0.7725	-0.3163	-0.02523
0.8115	-0.2472	-0.08149
0.9227	-0.2609	-0.1166
0.9513	-0.2233	-0.106
0.8995	-0.1946	-0.049
0.9369	-0.2217	0.002572
0.9382	-0.1553	0.03702
0.9557	-0.1741	0.05708
0.9676	-0.2091	0.06696
0.9446	-0.2152	0.08445
0.9765	-0.2567	0.09309
0.9613	-0.1923	0.0727
0.9583	-0.1656	0.04364
0.9929	-0.1934	0.03023
1.029	-0.1916	0.0356
1.123	-0.2359	0.09147
1.193	-0.2658	0.1693
1.253	-0.2956	0.1205
1.291	-0.3462	-0.05785
1.206	-0.453	-0.1971
1.042	-0.5995	-0.1905
0.9179	-0.6471	-0.1234
0.9593	-0.6845	-0.1344
1.101	-0.7126	-0.1205
1.181	-0.5735	-0.07031
1.17	-0.3492	-0.06995
1.079	-0.2532	-0.01559
0.9632	-0.2946	-0.02261
0.8568	-0.2997	-0.09239
0.7919	-0.2994	-0.06072
0.8137	-0.352	-0.0483
0.8175	-0.3607	-0.02
0.7787	-0.3561	0.03156
0.7467	-0.3653	0.05487
0.699	-0.3429	0.1184
0.7148	-0.3019	0.1113
0.7917	-0.27	0.1125
0.8695	-0.2501	0.1601
0.9446	-0.2234	0.1414
0.9349	-0.2139	0.1582
0.8984	-0.242	0.161
0.916	-0.2731	0.1395
0.974	-0.2907	0.1641
1.12	-0.2934	0.201
1.22	-0.264	0.2618
1.191	-0.2399	0.2266
1.217	-0.3504	0.121
1.289	-0.6137	0.05219
1.312	-0.875	-0.04981
1.305	-0.9217	-0.09334
1.117	-0.584	-0.06923
0.757	-0.1222	-0.1017
0.6847	-0.03271	-0.1534
0.9789	-0.261	-0.1646
1.139	-0.4501	-0.1148
0.9849	-0.5184	-0.03569
0.7968	-0.4847	0.02636
0.776	-0.408	0.01733
0.8489	-0.3719	-0.06164
0.9223	-0.3219	-0.1045
0.9507	-0.2725	-0.1012
0.9002	-0.2641	-0.06284
0.8806	-0.2344	-0.01121
0.8934	-0.211	0.0009277
0.8876	-0.1962	0.01962
0.9358	-0.1848	0.03503
0.9757	-0.1986	0.04027
0.9658	-0.1927	0.05168
0.9548	-0.224	0.05172
0.9525	-0.2649	0.08971
0.9573	-0.2373	0.1098
0.9789	-0.2077	0.0628
1.031	-0.1747	0.02712
1.031	-0.1583	0.02654
1.02	-0.176	0.06987
1.078	-0.1878	0.1238
1.127	-0.2287	0.133
1.186	-0.275	0.08759
1.244	-0.336	-0.02249
1.26	-0.473	-0.1446
1.197	-0.5908	-0.1992
0.992	-0.6241	-0.2095
0.8025	-0.663	-0.2203
0.7901	-0.6903	-0.1419
0.9152	-0.5742	0.001366
1.075	-0.3606	0.01351
1.179	-0.2237	-0.05623
1.202	-0.2281	-0.07998
1.143	-0.3133	-0.07216
1.032	-0.3901	-0.02649
0.8803	-0.4052	0.03074
0.7845	-0.3673	0.06001
0.8106	-0.3336	0.05748
0.7863	-0.31	0.06159
0.7515	-0.2841	0.09216
0.7624	-0.2848	0.09993
0.7356	-0.2898	0.1184
0.79	-0.2817	0.1375
0.8711	-0.2625	0.1156
0.8923	-0.235	0.1167
0.9224	-0.256	0.1204
0.9358	-0.3167	0.1243
0.961	-0.3634	0.1512
0.9918	-0.3698	0.1467
1.082	-0.3221	0.1586
1.237	-0.2618	0.2014
1.241	-0.1838	0.2192
1.199	-0.1317	0.2297
1.249	-0.2747	0.1957
1.26	-0.5599	0.06677
1.265	-0.7295	-0.0562
1.232	-0.6717	-0.03858
0.9982	-0.4624	0.005731
0.7175	-0.2603	-0.0692
0.7404	-0.2315	-0.1377
0.9934	-0.3716	-0.1763
1.083	-0.4804	-0.2008
0.9545	-0.5077	-0.1211
0.8455	-0.5152	-0.06892
0.8969	-0.4655	-0.0651
0.9745	-0.4016	-0.02481
0.9559	-0.3515	-0.04833
