1.342	-0.1778	0.1356
1.345	-0.1947	0.1406
1.222	-0.2684	0.1528
1.067	-0.274	0.1426
0.9437	-0.3245	0.136
0.9491	-0.3883	0.1489
0.9537	-0.4225	0.1355
0.8441	-0.4733	0.1419
0.8359	-0.3951	0.1513
0.8604	-0.2851	0.1378
0.8166	-0.3095	0.1518
0.843	-0.332	0.1587
0.8374	-0.3496	0.1661
0.8172	-0.3692	0.174
0.8436	-0.3433	0.1651
0.8428	-0.3361	0.1784
0.8723	-0.3395	0.1752
0.8528	-0.3507	0.1722
0.8136	-0.3771	0.1925
0.8723	-0.3984	0.1948
0.9311	-0.4126	0.1938
0.9942	-0.4294	0.1665
1.084	-0.5426	0.1203
1.275	-0.72	0.1012
1.496	-0.7375	0.1088
1.391	-0.5777	0.1041
1.168	-0.5099	0.00755
1.155	-0.6668	-0.115
1.128	-0.8026	-0.1487
1.044	-0.7085	-0.1717
0.9535	-0.5958	-0.2234
0.8668	-0.6048	-0.2155
0.9273	-0.5619	-0.1862
0.9519	-0.508	-0.1918
0.917	-0.5124	-0.1513
0.9383	-0.4312	-0.1003
0.8263	-0.2864	-0.1102
0.7167	-0.1936	-0.1278
0.7218	-0.2051	-0.1444
0.7185	-0.2645	-0.1379
0.7153	-0.3305	-0.1165
0.6822	-0.4135	-0.1218
0.692	-0.3837	-0.1145
0.72	-0.3195	-0.1199
0.7322	-0.2806	-0.1556
0.8153	-0.1414	-0.2006
0.8444	-0.1087	-0.2354
0.8769	-0.1819	-0.2183
0.9726	-0.1714	-0.2152
0.9752	-0.2357	-0.2335
0.9601	-0.327	-0.2104
0.9774	-0.3005	-0.1894
0.9395	-0.2404	-0.1806
0.8905	-0.1709	-0.1945
0.9095	-0.1563	-0.2332
0.9997	-0.2387	-0.2512
1.131	-0.3231	-0.2853
1.217	-0.3664	-0.3122
1.231	-0.3608	-0.2757
1.317	-0.3559	-0.2817
1.472	-0.3983	-0.4121
1.505	-0.45	-0.5268
1.357	-0.5563	-0.4593
1.164	-0.7009	-0.3719
1.085	-0.728	-0.4132
1.027	-0.6522	-0.362
0.9055	-0.5411	-0.2438
0.8699	-0.3501	-0.2316
0.9206	-0.2253	-0.1878
0.9425	-0.2832	-0.1297
0.8995	-0.342	-0.131
0.8402	-0.4155	-0.1531
0.8356	-0.5343	-0.2204
0.8592	-0.5168	-0.2078
0.8771	-0.463	-0.08542
0.8511	-0.4044	0.02533
0.7587	-0.2146	0.06705
0.6669	-0.05415	-0.002972
0.6426	-0.03342	-0.0664
0.6891	-0.1649	-0.07747
0.7039	-0.3997	-0.0652
0.679	-0.515	0.0003266
0.7035	-0.4778	0.01493
0.7611	-0.4284	0.031
0.8568	-0.4149	0.06068
0.9355	-0.4165	0.02514
0.9644	-0.4304	0.05979
1.026	-0.4869	0.0609
1.12	-0.6438	-0.04643
1.342	-0.8935	-0.1144
1.556	-0.9452	-0.1616
1.341	-0.6488	-0.1876
0.9163	-0.4406	-0.2119
0.7791	-0.6124	-0.2434
0.8811	-0.796	-0.2734
0.9461	-0.7369	-0.3142
0.8633	-0.668	-0.2985
0.8137	-0.598	-0.3034
0.8751	-0.4712	-0.2898
0.8719	-0.4718	-0.2146
0.8824	-0.4649	-0.2214
0.9115	-0.3871	-0.2164
0.8461	-0.3607	-0.1855
0.7825	-0.2995	-0.1786
0.6948	-0.2799	-0.1397
0.6434	-0.3082	-0.1291
0.6834	-0.3065	-0.1096
0.6956	-0.3348	-0.094
0.7321	-0.3043	-0.1491
0.765	-0.2193	-0.192
0.7874	-0.1559	-0.1906
0.8658	-0.1216	-0.1814
0.9359	-0.1342	-0.2026
1.015	-0.1192	-0.2273
1.039	-0.1151	-0.2204
1.006	-0.1702	-0.1961
1.032	-0.1906	-0.1645
1.036	-0.1746	-0.1794
1.044	-0.1875	-0.2319
1.162	-0.3287	-0.3163
1.302	-0.5551	-0.4542
1.374	-0.6467	-0.5075
1.364	-0.6436	-0.4255
1.344	-0.6777	-0.3881
1.331	-0.6321	-0.4889
1.244	-0.5362	-0.547
1.084	-0.5316	-0.3991
0.9171	-0.4809	-0.2516
1.085	-0.728	-0.4132
1.027	-0.6522	-0.362
0.9055	-0.5411	-0.2438
0.8699	-0.3501	-0.2316
0.9206	-0.2253	-0.1878
0.9425	-0.2832	-0.1297
0.8995	-0.342	-0.131
0.8402	-0.4155	-0.1531
0.8356	-0.5343	-0.2204
0.8592	-0.5168	-0.2078
0.8771	-0.463	-0.08542
0.8511	-0.4044	0.02533
0.7587	-0.2146	0.06705
0.6669	-0.05415	-0.002972
0.6426	-0.03342	-0.0664
0.6891	-0.1649	-0.07747
0.7039	-0.3997	-0.0652
0.679	-0.515	0.0003266
0.7035	-0.4778	0.01493
0.7611	-0.4284	0.031
0.8568	-0.4149	0.06068
0.9355	-0.4165	0.02514
0.9644	-0.4304	0.05979
1.026	-0.4869	0.0609
1.12	-0.6438	-0.04643
1.342	-0.8935	-0.1144
1.556	-0.9452	-0.1616
1.341	-0.6488	-0.1876
0.9163	-0.4406	-0.2119
0.7791	-0.6124	-0.2434
0.8811	-0.796	-0.2734
0.9461	-0.7369	-0.3142
0.8633	-0.668	-0.2985
0.8137	-0.598	-0.3034
0.8751	-0.4712	-0.2898
0.8719	-0.4718	-0.2146
0.8824	-0.4649	-0.2214
0.9115	-0.3871	-0.2164
0.8461	-0.3607	-0.1855
0.7825	-0.2995	-0.1786
0.6948	-0.2799	-0.1397
0.6434	-0.3082	-0.1291
0.6834	-0.3065	-0.1096
0.6956	-0.3348	-0.094
0.7321	-0.3043	-0.1491
0.765	-0.2193	-0.192
0.7874	-0.1559	-0.1906
0.8658	-0.1216	-0.1814
0.9359	-0.1342	-0.2026
1.015	-0.1192	-0.2273
1.039	-0.1151	-0.2204
1.006	-0.1702	-0.1961
1.032	-0.1906	-0.1645
1.036	-0.1746	-0.1794
1.044	-0.1875	-0.2319
1.162	-0.3287	-0.3163
1.302	-0.5551	-0.4542
1.374	-0.6467	-0.5075
1.364	-0.6436	-0.4255
1.344	-0.6777	-0.3881
1.331	-0.6321	-0.4889
1.244	-0.5362	-0.547
1.084	-0.5316	-0.3991
0.9171	-0.4809	-0.2516
0.8956	-0.3738	-0.286
1.01	-0.357	-0.3098
1.068	-0.355	-0.2491
1.066	-0.387	-0.2326
0.9562	-0.4766	-0.2112
0.7899	-0.5002	-0.1776
0.804	-0.489	-0.1962
0.8382	-0.4577	-0.173
0.7659	-0.3812	-0.1096
0.7456	-0.2713	-0.07347
0.7029	-0.1608	-0.06326
0.5899	-0.1405	-0.05953
0.5408	-0.1613	-0.0164
0.6025	-0.2171	-0.03539
0.6814	-0.356	-0.08591
0.7013	-0.4782	-0.02205
0.7316	-0.5591	0.01399
0.7417	-0.5759	0.004872
0.7317	-0.5329	0.01362
0.856	-0.5163	-0.01971
1.02	-0.492	-0.02994
1.105	-0.5019	-0.03193
1.173	-0.6101	-0.08586
1.229	-0.7637	-0.1916
1.311	-0.8854	-0.2792
1.34	-0.7835	-0.2449
1.064	-0.5738	-0.2229
0.7097	-0.5839	-0.2475
0.7741	-0.6798	-0.2256
0.9131	-0.7287	-0.2689
0.7958	-0.7296	-0.356
0.8284	-0.6407	-0.367
0.8634	-0.5925	-0.3106
0.7803	-0.5386	-0.2245
0.8432	-0.4551	-0.1891
0.8213	-0.3864	-0.2158
0.7848	-0.2597	-0.2317
0.8028	-0.2151	-0.2276
0.7251	-0.2064	-0.2095
0.7395	-0.1769	-0.1823
0.7214	-0.2585	-0.1781
0.6654	-0.313	-0.19
0.723	-0.307	-0.2169
0.7565	-0.2716	-0.2628
0.8088	-0.2055	-0.2559
0.8526	-0.2038	-0.2237
0.8795	-0.204	-0.2329
0.9648	-0.1824	-0.2218
1.025	-0.1646	-0.2329
1.051	-0.1764	-0.272
1.037	-0.2362	-0.2511
1.031	-0.2794	-0.2601
1.075	-0.3817	-0.3308
1.168	-0.5546	-0.4206
1.348	-0.6286	-0.5135
1.453	-0.5224	-0.5377
1.406	-0.4274	-0.5378
1.3	-0.5424	-0.5522
1.179	-0.6193	-0.5579
1.166	-0.5579	-0.5646
1.172	-0.5583	-0.4978
1.014	-0.5215	-0.3704
0.8986	-0.4336	-0.2942
0.9141	-0.4059	-0.2535
0.8956	-0.3738	-0.286
1.01	-0.357	-0.3098
1.068	-0.355	-0.2491
1.066	-0.387	-0.2326
0.9562	-0.4766	-0.2112
0.7899	-0.5002	-0.1776
0.804	-0.489	-0.1962
0.8382	-0.4577	-0.173
0.7659	-0.3812	-0.1096
0.7456	-0.2713	-0.07347
0.7029	-0.1608	-0.06326
0.5899	-0.1405	-0.05953
0.5408	-0.1613	-0.0164
0.6025	-0.2171	-0.03539
0.6814	-0.356	-0.08591
0.7013	-0.4782	-0.02205
0.7316	-0.5591	0.01399
0.7417	-0.5759	0.004872
0.7317	-0.5329	0.01362
0.856	-0.5163	-0.01971
1.02	-0.492	-0.02994
1.105	-0.5019	-0.03193
1.173	-0.6101	-0.08586
1.229	-0.7637	-0.1916
1.311	-0.8854	-0.2792
1.34	-0.7835	-0.2449
1.064	-0.5738	-0.2229
0.7097	-0.5839	-0.2475
0.7741	-0.6798	-0.2256
0.9131	-0.7287	-0.2689
0.7958	-0.7296	-0.356
0.8284	-0.6407	-0.367
0.8634	-0.5925	-0.3106
0.7803	-0.5386	-0.2245
0.8432	-0.4551	-0.1891
0.8213	-0.3864	-0.2158
0.7848	-0.2597	-0.2317
0.8028	-0.2151	-0.2276
0.7251	-0.2064	-0.2095
0.7395	-0.1769	-0.1823
0.7214	-0.2585	-0.1781
0.6654	-0.313	-0.19
0.723	-0.307	-0.2169
0.7565	-0.2716	-0.2628
0.8088	-0.2055	-0.2559
0.8526	-0.2038	-0.2237
0.8795	-0.204	-0.2329
0.9648	-0.1824	-0.2218
1.025	-0.1646	-0.2329
1.051	-0.1764	-0.272
1.037	-0.2362	-0.2511
1.031	-0.2794	-0.2601
1.075	-0.3817	-0.3308
1.168	-0.5546	-0.4206
1.348	-0.6286	-0.5135
1.453	-0.5224	-0.5377
1.406	-0.4274	-0.5378
1.3	-0.5424	-0.5522
1.179	-0.6193	-0.5579
1.166	-0.5579	-0.5646
1.172	-0.5583	-0.4978
1.014	-0.5215	-0.3704
0.8986	-0.4336	-0.2942
0.9141	-0.4059	-0.2535
0.879	-0.3712	-0.198
0.8546	-0.3736	-0.1903
0.8706	-0.4383	-0.239
0.8195	-0.4328	-0.23
0.7933	-0.3638	-0.2213
0.7911	-0.3237	-0.2303
0.6967	-0.3222	-0.1337
0.6175	-0.3174	-0.06221
0.6405	-0.2734	-0.0878
0.6624	-0.2661	-0.09098
0.6466	-0.2881	-0.06696
0.6815	-0.2802	-0.05969
0.735	-0.3702	-0.06172
0.7177	-0.4864	-0.03474
0.7164	-0.4977	-0.03206
0.7705	-0.516	-0.04408
0.8409	-0.5354	-0.02072
0.9482	-0.4938	-0.02916
1.034	-0.4116	-0.03558
1.069	-0.3993	-0.07772
1.117	-0.5854	-0.2195
1.238	-0.84	-0.3295
1.332	-0.8616	-0.3164
1.156	-0.5707	-0.2656
0.8535	-0.3367	-0.2918
0.7605	-0.4351	-0.2474
0.8441	-0.6407	-0.1694
0.9029	-0.7592	-0.2819
0.8467	-0.7614	-0.3444
0.7894	-0.6201	-0.265
0.7786	-0.4889	-0.2281
0.7786	-0.4736	-0.2179
0.84	-0.4254	-0.2156
0.8394	-0.3236	-0.2228
0.7954	-0.2749	-0.26
0.8129	-0.2715	-0.2632
0.782	-0.3013	-0.2054
0.7657	-0.3538	-0.1888
0.768	-0.3888	-0.1877
0.7423	-0.3561	-0.1917
0.742	-0.292	-0.1843
0.7325	-0.2706	-0.1765
0.8234	-0.212	-0.2105
0.9664	-0.1284	-0.2128
0.9806	-0.1287	-0.2177
0.9573	-0.146	-0.2219
0.9655	-0.1222	-0.208
0.9815	-0.1294	-0.2259
0.9705	-0.1878	-0.2249
0.9523	-0.2452	-0.2366
0.9535	-0.2814	-0.2504
0.9615	-0.2866	-0.2441
1.048	-0.3038	-0.2702
1.167	-0.3344	-0.2687
1.239	-0.3075	-0.2764
1.291	-0.3062	-0.3373
1.309	-0.3712	-0.3807
1.273	-0.4917	-0.3932
1.217	-0.6376	-0.4165
1.193	-0.6219	-0.4826
1.134	-0.5635	-0.497
1.021	-0.5932	-0.435
0.932	-0.5161	-0.3816
0.8411	-0.4328	-0.322
0.879	-0.3712	-0.198
0.8546	-0.3736	-0.1903
0.8706	-0.4383	-0.239
0.8195	-0.4328	-0.23
0.7933	-0.3638	-0.2213
0.7911	-0.3237	-0.2303
0.6967	-0.3222	-0.1337
0.6175	-0.3174	-0.06221
0.6405	-0.2734	-0.0878
0.6624	-0.2661	-0.09098
0.6466	-0.2881	-0.06696
0.6815	-0.2802	-0.05969
0.735	-0.3702	-0.06172
0.7177	-0.4864	-0.03474
0.7164	-0.4977	-0.03206
0.7705	-0.516	-0.04408
0.8409	-0.5354	-0.02072
0.9482	-0.4938	-0.02916
1.034	-0.4116	-0.03558
1.069	-0.3993	-0.07772
1.117	-0.5854	-0.2195
1.238	-0.84	-0.3295
1.332	-0.8616	-0.3164
1.156	-0.5707	-0.2656
0.8535	-0.3367	-0.2918
0.7605	-0.4351	-0.2474
0.8441	-0.6407	-0.1694
0.9029	-0.7592	-0.2819
0.8467	-0.7614	-0.3444
0.7894	-0.6201	-0.265
0.7786	-0.4889	-0.2281
0.7786	-0.4736	-0.2179
0.84	-0.4254	-0.2156
0.8394	-0.3236	-0.2228
0.7954	-0.2749	-0.26
0.8129	-0.2715	-0.2632
0.782	-0.3013	-0.2054
0.7657	-0.3538	-0.1888
0.768	-0.3888	-0.1877
0.7423	-0.3561	-0.1917
0.742	-0.292	-0.1843
0.7325	-0.2706	-0.1765
0.8234	-0.212	-0.2105
0.9664	-0.1284	-0.2128
0.9806	-0.1287	-0.2177
0.9573	-0.146	-0.2219
0.9655	-0.1222	-0.208
0.9815	-0.1294	-0.2259
0.9705	-0.1878	-0.2249
0.9523	-0.2452	-0.2366
0.9535	-0.2814	-0.2504
0.9615	-0.2866	-0.2441
1.048	-0.3038	-0.2702
1.167	-0.3344	-0.2687
1.239	-0.3075	-0.2764
1.291	-0.3062	-0.3373
1.309	-0.3712	-0.3807
1.273	-0.4917	-0.3932
1.217	-0.6376	-0.4165
1.193	-0.6219	-0.4826
1.134	-0.5635	-0.497
1.021	-0.5932	-0.435
0.932	-0.5161	-0.3816
0.8411	-0.4328	-0.322
0.8239	-0.4361	-0.2932
0.9045	-0.3983	-0.3032
0.971	-0.3833	-0.302
1.015	-0.3973	-0.315
0.9128	-0.4274	-0.3133
0.7262	-0.5071	-0.2725
0.736	-0.5153	-0.234
0.8279	-0.4611	-0.2455
0.8582	-0.42	-0.2883
0.8634	-0.3426	-0.2865
0.7922	-0.2688	-0.222
0.7178	-0.2543	-0.1011
0.7096	-0.2747	-0.01536
0.7268	-0.3091	-0.0115
0.7546	-0.3291	0.008271
0.7627	-0.3069	0.002537
0.7841	-0.2872	-0.06032
0.8147	-0.3638	-0.07928
0.823	-0.4673	-0.01402
0.8513	-0.4636	0.05438
0.8928	-0.4125	-0.01804
0.9354	-0.3691	-0.1135
0.9443	-0.3361	-0.07649
0.9364	-0.3633	-0.02891
0.9856	-0.4152	0.02688
1.049	-0.4458	0.06751
1.123	-0.481	-0.03041
1.261	-0.5865	-0.1551
1.44	-0.782	-0.1987
1.449	-0.8754	-0.153
1.104	-0.7581	-0.1034
0.7814	-0.6559	-0.1595
0.8314	-0.6822	-0.2268
0.9133	-0.718	-0.3062
0.8176	-0.7416	-0.4216
0.7909	-0.7493	-0.4317
0.8108	-0.7168	-0.389
0.7846	-0.6883	-0.3714
0.8441	-0.6108	-0.321
0.8822	-0.4655	-0.2654
0.8376	-0.379	-0.2626
0.803	-0.2841	-0.2878
0.7441	-0.1312	-0.2783
0.7538	-0.1486	-0.2756
0.7786	-0.2584	-0.2907
0.7219	-0.2515	-0.2682
0.7069	-0.2926	-0.2521
0.6803	-0.3263	-0.1945
0.6385	-0.277	-0.1138
0.6682	-0.3013	-0.1476
0.7468	-0.2117	-0.2129
0.8626	-0.04137	-0.2559
0.94	-0.02628	-0.298
0.9775	-0.07568	-0.2781
1.019	-0.1593	-0.2593
0.9974	-0.1956	-0.2757
0.9547	-0.1802	-0.2613
0.9887	-0.1987	-0.264
1.046	-0.2044	-0.3167
1.131	-0.298	-0.4265
1.288	-0.4537	-0.6067
1.388	-0.5448	-0.6855
1.38	-0.5547	-0.5988
1.33	-0.5351	-0.5615
0.8239	-0.4361	-0.2932
0.9045	-0.3983	-0.3032
0.971	-0.3833	-0.302
1.015	-0.3973	-0.315
0.9128	-0.4274	-0.3133
0.7262	-0.5071	-0.2725
0.736	-0.5153	-0.234
0.8279	-0.4611	-0.2455
0.8582	-0.42	-0.2883
0.8634	-0.3426	-0.2865
0.7922	-0.2688	-0.222
0.7178	-0.2543	-0.1011
0.7096	-0.2747	-0.01536
0.7268	-0.3091	-0.0115
0.7546	-0.3291	0.008271
0.7627	-0.3069	0.002537
0.7841	-0.2872	-0.06032
0.8147	-0.3638	-0.07928
0.823	-0.4673	-0.01402
0.8513	-0.4636	0.05438
0.8928	-0.4125	-0.01804
0.9354	-0.3691	-0.1135
0.9443	-0.3361	-0.07649
0.9364	-0.3633	-0.02891
0.9856	-0.4152	0.02688
1.049	-0.4458	0.06751
1.123	-0.481	-0.03041
1.261	-0.5865	-0.1551
1.44	-0.782	-0.1987
1.449	-0.8754	-0.153
1.104	-0.7581	-0.1034
0.7814	-0.6559	-0.1595
0.8314	-0.6822	-0.2268
0.9133	-0.718	-0.3062
0.8176	-0.7416	-0.4216
0.7909	-0.7493	-0.4317
0.8108	-0.7168	-0.389
0.7846	-0.6883	-0.3714
0.8441	-0.6108	-0.321
0.8822	-0.4655	-0.2654
0.8376	-0.379	-0.2626
0.803	-0.2841	-0.2878
0.7441	-0.1312	-0.2783
0.7538	-0.1486	-0.2756
0.7786	-0.2584	-0.2907
0.7219	-0.2515	-0.2682
0.7069	-0.2926	-0.2521
0.6803	-0.3263	-0.1945
0.6385	-0.277	-0.1138
0.6682	-0.3013	-0.1476
0.7468	-0.2117	-0.2129
0.8626	-0.04137	-0.2559
0.94	-0.02628	-0.298
0.9775	-0.07568	-0.2781
1.019	-0.1593	-0.2593
0.9974	-0.1956	-0.2757
0.9547	-0.1802	-0.2613
0.9887	-0.1987	-0.264
1.046	-0.2044	-0.3167
1.131	-0.298	-0.4265
1.288	-0.4537	-0.6067
1.388	-0.5448	-0.6855
1.38	-0.5547	-0.5988
1.33	-0.5351	-0.5615
1.257	-0.5532	-0.6139
1.172	-0.5136	-0.6113
1.062	-0.4975	-0.5307
0.9698	-0.5362	-0.4224
0.8873	-0.5031	-0.3326
0.8234	-0.5058	-0.2934
0.8676	-0.4803	-0.2835
0.8866	-0.4204	-0.2975
0.7987	-0.4484	-0.3182
0.7171	-0.4358	-0.2772
0.68	-0.3645	-0.1937
0.7099	-0.258	-0.1343
0.7305	-0.1699	-0.1315
0.6771	-0.1793	-0.1366
0.6421	-0.1807	-0.09392
0.6458	-0.2264	-0.093
0.6891	-0.3582	-0.1026
0.7549	-0.4429	-0.0709
0.7606	-0.4869	-0.08159
0.7474	-0.4808	-0.06794
0.7656	-0.444	-0.0439
0.8048	-0.4993	-0.05136
0.8948	-0.5476	-0.02054
1.017	-0.5135	-0.016
1.151	-0.4905	-0.03843
1.257	-0.5112	-0.1143
1.29	-0.7148	-0.2767
1.456	-0.9363	-0.3431
1.587	-0.7336	-0.299
1.077	-0.411	-0.287
0.5211	-0.4207	-0.3043
0.8136	-0.5817	-0.3094
1.071	-0.7333	-0.3642
0.8325	-0.7639	-0.4338
0.8438	-0.6377	-0.3694
0.8355	-0.5475	-0.2762
0.7042	-0.4383	-0.2513
0.7997	-0.312	-0.2101
0.7416	-0.2608	-0.1987
0.6882	-0.1751	-0.2221
0.759	-0.1518	-0.2276
0.6844	-0.1999	-0.2423
0.7191	-0.2471	-0.2513
0.7656	-0.368	-0.2422
0.7667	-0.4025	-0.2191
0.8214	-0.3152	-0.1925
0.7978	-0.2064	-0.2099
0.8708	-0.07011	-0.2444
0.9344	-0.0244	-0.2458
0.9138	-0.05475	-0.2513
0.9583	-0.05961	-0.2613
0.9623	-0.1089	-0.2666
0.9931	-0.2032	-0.2984
1.008	-0.2334	-0.313
0.9983	-0.2603	-0.3129
1.083	-0.3729	-0.3378
1.139	-0.42	-0.386
1.247	-0.3897	-0.5559
1.424	-0.4492	-0.7547
1.453	-0.5218	-0.7008
1.327	-0.5119	-0.5728
1.152	-0.5147	-0.6037
1.004	-0.5317	-0.5853
0.9554	-0.4982	-0.5126
1.257	-0.5532	-0.6139
1.172	-0.5136	-0.6113
1.062	-0.4975	-0.5307
0.9698	-0.5362	-0.4224
0.8873	-0.5031	-0.3326
0.8234	-0.5058	-0.2934
0.8676	-0.4803	-0.2835
0.8866	-0.4204	-0.2975
0.7987	-0.4484	-0.3182
0.7171	-0.4358	-0.2772
0.68	-0.3645	-0.1937
0.7099	-0.258	-0.1343
0.7305	-0.1699	-0.1315
0.6771	-0.1793	-0.1366
0.6421	-0.1807	-0.09392
0.6458	-0.2264	-0.093
0.6891	-0.3582	-0.1026
0.7549	-0.4429	-0.0709
0.7606	-0.4869	-0.08159
0.7474	-0.4808	-0.06794
0.7656	-0.444	-0.0439
0.8048	-0.4993	-0.05136
0.8948	-0.5476	-0.02054
1.017	-0.5135	-0.016
1.151	-0.4905	-0.03843
1.257	-0.5112	-0.1143
1.29	-0.7148	-0.2767
1.456	-0.9363	-0.3431
1.587	-0.7336	-0.299
1.077	-0.411	-0.287
0.5211	-0.4207	-0.3043
0.8136	-0.5817	-0.3094
1.071	-0.7333	-0.3642
0.8325	-0.7639	-0.4338
0.8438	-0.6377	-0.3694
0.8355	-0.5475	-0.2762
0.7042	-0.4383	-0.2513
0.7997	-0.312	-0.2101
0.7416	-0.2608	-0.1987
0.6882	-0.1751	-0.2221
0.759	-0.1518	-0.2276
0.6844	-0.1999	-0.2423
0.7191	-0.2471	-0.2513
0.7656	-0.368	-0.2422
0.7667	-0.4025	-0.2191
0.8214	-0.3152	-0.1925
0.7978	-0.2064	-0.2099
0.8708	-0.07011	-0.2444
0.9344	-0.0244	-0.2458
0.9138	-0.05475	-0.2513
0.9583	-0.05961	-0.2613
0.9623	-0.1089	-0.2666
0.9931	-0.2032	-0.2984
1.008	-0.2334	-0.313
0.9983	-0.2603	-0.3129
1.083	-0.3729	-0.3378
1.139	-0.42	-0.386
1.247	-0.3897	-0.5559
1.424	-0.4492	-0.7547
1.453	-0.5218	-0.7008
1.327	-0.5119	-0.5728
1.152	-0.5147	-0.6037
1.004	-0.5317	-0.5853
0.9554	-0.4982	-0.5126
0.9428	-0.4681	-0.473
0.8734	-0.4334	-0.4104
0.8649	-0.3671	-0.3771
0.8738	-0.3427	-0.2737
0.864	-0.3246	-0.199
0.9291	-0.3013	-0.2964
0.8507	-0.3263	-0.3281
0.7479	-0.3351	-0.3298
0.7846	-0.325	-0.3253
0.7319	-0.3306	-0.2252
0.6686	-0.3257	-0.1409
0.6251	-0.3223	-0.06542
0.5999	-0.3283	-0.09518
0.6564	-0.3477	-0.1837
0.7169	-0.3831	-0.1747
0.7946	-0.4271	-0.1864
0.7427	-0.4759	-0.1695
0.6648	-0.4919	-0.1271
0.7668	-0.4879	-0.1394
0.8046	-0.4915	-0.1322
0.7853	-0.457	-0.1431
0.8048	-0.4221	-0.1401
0.8168	-0.4396	-0.1103
0.8936	-0.4474	-0.1173
0.9745	-0.4511	-0.1393
1.031	-0.5057	-0.1795
1.107	-0.5784	-0.1944
1.202	-0.6298	-0.2571
1.33	-0.6965	-0.3687
1.368	-0.7766	-0.306
1.16	-0.7482	-0.2019
0.8841	-0.6416	-0.2205
0.8531	-0.58	-0.2617
0.8409	-0.5565	-0.3567
0.6885	-0.6388	-0.4172
0.7267	-0.753	-0.343
0.8252	-0.7156	-0.3182
0.8461	-0.614	-0.3953
0.8855	-0.4975	-0.4451
0.8208	-0.4076	-0.4142
0.8154	-0.4107	-0.3466
0.8522	-0.4012	-0.3031
0.8086	-0.3994	-0.3042
0.8279	-0.4134	-0.3687
0.7978	-0.396	-0.4371
0.7819	-0.4075	-0.4431
0.8018	-0.3964	-0.4184
0.7211	-0.3364	-0.3769
0.6966	-0.256	-0.3537
0.7137	-0.1979	-0.3629
0.7529	-0.2251	-0.3682
0.8334	-0.2283	-0.3675
0.877	-0.1837	-0.357
0.903	-0.1529	-0.3476
0.8848	-0.1188	-0.3348
0.8938	-0.1598	-0.3018
0.9344	-0.2422	-0.2557
0.9347	-0.2523	-0.224
0.9545	-0.2023	-0.2417
0.9726	-0.1437	-0.2558
1.002	-0.1551	-0.2485
1.031	-0.1826	-0.2543
1.052	-0.179	-0.2466
1.129	-0.2197	-0.2436
0.9428	-0.4681	-0.473
0.8734	-0.4334	-0.4104
0.8649	-0.3671	-0.3771
0.8738	-0.3427	-0.2737
0.864	-0.3246	-0.199
0.9291	-0.3013	-0.2964
0.8507	-0.3263	-0.3281
0.7479	-0.3351	-0.3298
0.7846	-0.325	-0.3253
0.7319	-0.3306	-0.2252
0.6686	-0.3257	-0.1409
0.6251	-0.3223	-0.06542
0.5999	-0.3283	-0.09518
0.6564	-0.3477	-0.1837
0.7169	-0.3831	-0.1747
0.7946	-0.4271	-0.1864
0.7427	-0.4759	-0.1695
0.6648	-0.4919	-0.1271
0.7668	-0.4879	-0.1394
0.8046	-0.4915	-0.1322
0.7853	-0.457	-0.1431
0.8048	-0.4221	-0.1401
0.8168	-0.4396	-0.1103
0.8936	-0.4474	-0.1173
0.9745	-0.4511	-0.1393
1.031	-0.5057	-0.1795
1.107	-0.5784	-0.1944
1.202	-0.6298	-0.2571
1.33	-0.6965	-0.3687
1.368	-0.7766	-0.306
1.16	-0.7482	-0.2019
0.8841	-0.6416	-0.2205
0.8531	-0.58	-0.2617
0.8409	-0.5565	-0.3567
0.6885	-0.6388	-0.4172
0.7267	-0.753	-0.343
0.8252	-0.7156	-0.3182
0.8461	-0.614	-0.3953
0.8855	-0.4975	-0.4451
0.8208	-0.4076	-0.4142
0.8154	-0.4107	-0.3466
0.8522	-0.4012	-0.3031
0.8086	-0.3994	-0.3042
0.8279	-0.4134	-0.3687
0.7978	-0.396	-0.4371
0.7819	-0.4075	-0.4431
0.8018	-0.3964	-0.4184
0.7211	-0.3364	-0.3769
0.6966	-0.256	-0.3537
0.7137	-0.1979	-0.3629
0.7529	-0.2251	-0.3682
0.8334	-0.2283	-0.3675
0.877	-0.1837	-0.357
0.903	-0.1529	-0.3476
0.8848	-0.1188	-0.3348
0.8938	-0.1598	-0.3018
0.9344	-0.2422	-0.2557
0.9347	-0.2523	-0.224
0.9545	-0.2023	-0.2417
0.9726	-0.1437	-0.2558
1.002	-0.1551	-0.2485
1.031	-0.1826	-0.2543
1.052	-0.179	-0.2466
1.129	-0.2197	-0.2436
1.212	-0.2273	-0.2737
1.315	-0.2046	-0.3562
1.388	-0.2632	-0.4548
1.334	-0.406	-0.4759
1.261	-0.5853	-0.554
1.18	-0.6027	-0.7097
1.073	-0.5215	-0.6644
1.025	-0.5698	-0.525
0.9777	-0.5453	-0.477
0.914	-0.4529	-0.4046
0.932	-0.4466	-0.3755
0.9787	-0.3771	-0.3503
0.9884	-0.3162	-0.2625
0.9503	-0.3075	-0.2753
0.7683	-0.2548	-0.3167
0.5743	-0.2199	-0.3494
0.6178	-0.2302	-0.3493
0.753	-0.3024	-0.233
0.7897	-0.3599	-0.1579
0.793	-0.3447	-0.1341
0.7081	-0.3099	-0.1024
0.5391	-0.2644	-0.03368
0.5049	-0.2801	0.03352
0.6079	-0.3268	-0.03341
0.7409	-0.3879	-0.08111
0.8118	-0.5017	-0.1041
0.7422	-0.5408	-0.15
0.7112	-0.5243	-0.1092
0.8262	-0.5034	-0.1096
0.9562	-0.4649	-0.1172
1.021	-0.4852	-0.1154
1.04	-0.5425	-0.1915
1.078	-0.651	-0.2531
1.187	-0.8281	-0.3404
1.453	-0.866	-0.3717
1.624	-0.6473	-0.32
1.189	-0.4175	-0.3539
0.6469	-0.4483	-0.3598
0.7832	-0.6265	-0.3206
0.9599	-0.7112	-0.3342
0.8021	-0.6761	-0.3657
0.8498	-0.5958	-0.4044
0.8499	-0.5283	-0.3521
0.7688	-0.4697	-0.2563
0.8581	-0.4121	-0.2551
0.7784	-0.3453	-0.2575
0.7216	-0.2401	-0.2569
0.7205	-0.1659	-0.2855
0.6124	-0.1376	-0.2837
0.6893	-0.167	-0.2848
0.762	-0.2829	-0.2946
0.7696	-0.3178	-0.2927
0.7946	-0.2819	-0.2941
0.7363	-0.2592	-0.2883
0.7611	-0.1808	-0.2771
0.7807	-0.1505	-0.2669
0.8111	-0.1931	-0.2838
0.9606	-0.2089	-0.3139
1.049	-0.1826	-0.3097
1.072	-0.1264	-0.3043
1.041	-0.1006	-0.3162
1.029	-0.1233	-0.3441
1.092	-0.2268	-0.4131
1.165	-0.3932	-0.5341
1.212	-0.2273	-0.2737
1.315	-0.2046	-0.3562
1.388	-0.2632	-0.4548
1.334	-0.406	-0.4759
1.261	-0.5853	-0.554
1.18	-0.6027	-0.7097
1.073	-0.5215	-0.6644
1.025	-0.5698	-0.525
0.9777	-0.5453	-0.477
0.914	-0.4529	-0.4046
0.932	-0.4466	-0.3755
0.9787	-0.3771	-0.3503
0.9884	-0.3162	-0.2625
0.9503	-0.3075	-0.2753
0.7683	-0.2548	-0.3167
0.5743	-0.2199	-0.3494
0.6178	-0.2302	-0.3493
0.753	-0.3024	-0.233
0.7897	-0.3599	-0.1579
0.793	-0.3447	-0.1341
0.7081	-0.3099	-0.1024
0.5391	-0.2644	-0.03368
0.5049	-0.2801	0.03352
0.6079	-0.3268	-0.03341
0.7409	-0.3879	-0.08111
0.8118	-0.5017	-0.1041
0.7422	-0.5408	-0.15
0.7112	-0.5243	-0.1092
0.8262	-0.5034	-0.1096
0.9562	-0.4649	-0.1172
1.021	-0.4852	-0.1154
1.04	-0.5425	-0.1915
1.078	-0.651	-0.2531
1.187	-0.8281	-0.3404
1.453	-0.866	-0.3717
1.624	-0.6473	-0.32
1.189	-0.4175	-0.3539
0.6469	-0.4483	-0.3598
0.7832	-0.6265	-0.3206
0.9599	-0.7112	-0.3342
0.8021	-0.6761	-0.3657
0.8498	-0.5958	-0.4044
0.8499	-0.5283	-0.3521
0.7688	-0.4697	-0.2563
0.8581	-0.4121	-0.2551
0.7784	-0.3453	-0.2575
0.7216	-0.2401	-0.2569
0.7205	-0.1659	-0.2855
0.6124	-0.1376	-0.2837
0.6893	-0.167	-0.2848
0.762	-0.2829	-0.2946
0.7696	-0.3178	-0.2927
0.7946	-0.2819	-0.2941
0.7363	-0.2592	-0.2883
0.7611	-0.1808	-0.2771
0.7807	-0.1505	-0.2669
0.8111	-0.1931	-0.2838
0.9606	-0.2089	-0.3139
1.049	-0.1826	-0.3097
1.072	-0.1264	-0.3043
1.041	-0.1006	-0.3162
1.029	-0.1233	-0.3441
1.092	-0.2268	-0.4131
1.165	-0.3932	-0.5341
1.32	-0.4731	-0.7029
1.425	-0.4426	-0.7917
1.361	-0.4327	-0.749
1.256	-0.4751	-0.7508
1.143	-0.4798	-0.7603
1.054	-0.4905	-0.6563
1	-0.4859	-0.5569
0.906	-0.3801	-0.468
0.7796	-0.2712	-0.3375
0.7256	-0.1845	-0.2528
0.7662	-0.2016	-0.2807
0.8121	-0.3138	-0.3812
0.7998	-0.3496	-0.4275
0.7634	-0.3924	-0.4152
0.7518	-0.4064	-0.3554
0.7196	-0.3661	-0.2334
0.6458	-0.3712	-0.1555
0.5653	-0.33	-0.1206
0.5508	-0.3002	-0.1256
0.6145	-0.3126	-0.1574
0.6497	-0.3571	-0.1437
0.7103	-0.456	-0.1416
0.7809	-0.4523	-0.1381
0.7955	-0.4275	-0.16
0.8781	-0.4735	-0.2107
0.9783	-0.497	-0.1798
1.06	-0.5202	-0.148
1.114	-0.5269	-0.1721
1.092	-0.5936	-0.2887
1.163	-0.7783	-0.4459
1.25	-0.8509	-0.4224
1.127	-0.6761	-0.3784
0.8752	-0.496	-0.4425
0.7232	-0.5404	-0.4212
0.8422	-0.6111	-0.417
0.9732	-0.5796	-0.4732
0.8465	-0.5585	-0.4515
0.7738	-0.4987	-0.4194
0.837	-0.4589	-0.363
0.8278	-0.4589	-0.2952
0.837	-0.3627	-0.274
0.791	-0.2502	-0.2759
0.6723	-0.1537	-0.3326
0.6887	-0.139	-0.32
0.6914	-0.2216	-0.29
0.6399	-0.198	-0.3525
0.6687	-0.1907	-0.3409
0.6873	-0.2039	-0.3388
0.6928	-0.1132	-0.3633
0.707	-0.1233	-0.3396
0.7349	-0.1487	-0.3487
0.8186	-0.1317	-0.3234
0.8912	-0.1702	-0.323
0.9376	-0.1424	-0.3449
0.9779	-0.1275	-0.3181
0.9914	-0.145	-0.3362
1.01	-0.129	-0.3337
1.03	-0.145	-0.3347
1.033	-0.1618	-0.4097
1.089	-0.2343	-0.5643
1.239	-0.3382	-0.8441
1.42	-0.3813	-1.004
1.469	-0.475	-0.88
1.269	-0.588	-0.7574
1.32	-0.4731	-0.7029
1.425	-0.4426	-0.7917
1.361	-0.4327	-0.749
1.256	-0.4751	-0.7508
1.143	-0.4798	-0.7603
1.054	-0.4905	-0.6563
1	-0.4859	-0.5569
0.906	-0.3801	-0.468
0.7796	-0.2712	-0.3375
0.7256	-0.1845	-0.2528
0.7662	-0.2016	-0.2807
0.8121	-0.3138	-0.3812
0.7998	-0.3496	-0.4275
0.7634	-0.3924	-0.4152
0.7518	-0.4064	-0.3554
0.7196	-0.3661	-0.2334
0.6458	-0.3712	-0.1555
0.5653	-0.33	-0.1206
0.5508	-0.3002	-0.1256
0.6145	-0.3126	-0.1574
0.6497	-0.3571	-0.1437
0.7103	-0.456	-0.1416
0.7809	-0.4523	-0.1381
0.7955	-0.4275	-0.16
0.8781	-0.4735	-0.2107
0.9783	-0.497	-0.1798
1.06	-0.5202	-0.148
1.114	-0.5269	-0.1721
1.092	-0.5936	-0.2887
1.163	-0.7783	-0.4459
1.25	-0.8509	-0.4224
1.127	-0.6761	-0.3784
0.8752	-0.496	-0.4425
0.7232	-0.5404	-0.4212
0.8422	-0.6111	-0.417
0.9732	-0.5796	-0.4732
0.8465	-0.5585	-0.4515
0.7738	-0.4987	-0.4194
0.837	-0.4589	-0.363
0.8278	-0.4589	-0.2952
0.837	-0.3627	-0.274
0.791	-0.2502	-0.2759
0.6723	-0.1537	-0.3326
0.6887	-0.139	-0.32
0.6914	-0.2216	-0.29
0.6399	-0.198	-0.3525
0.6687	-0.1907	-0.3409
0.6873	-0.2039	-0.3388
0.6928	-0.1132	-0.3633
0.707	-0.1233	-0.3396
0.7349	-0.1487	-0.3487
0.8186	-0.1317	-0.3234
0.8912	-0.1702	-0.323
0.9376	-0.1424	-0.3449
0.9779	-0.1275	-0.3181
0.9914	-0.145	-0.3362
1.01	-0.129	-0.3337
1.03	-0.145	-0.3347
1.033	-0.1618	-0.4097
1.089	-0.2343	-0.5643
1.239	-0.3382	-0.8441
1.42	-0.3813	-1.004
1.469	-0.475	-0.88
1.269	-0.588	-0.7574
1.043	-0.5434	-0.7745
1.004	-0.4155	-0.6791
0.9888	-0.3591	-0.5041
0.9105	-0.2965	-0.464
0.8665	-0.2253	-0.3976
0.834	-0.2247	-0.3427
0.795	-0.2435	-0.405
0.7459	-0.2922	-0.4006
0.6529	-0.3431	-0.3992
0.6167	-0.3562	-0.3945
0.6689	-0.349	-0.2832
0.6892	-0.3337	-0.2243
0.6648	-0.3398	-0.2289
0.6305	-0.2991	-0.1911
0.5908	-0.2559	-0.1206
0.5946	-0.2813	-0.1173
0.677	-0.312	-0.1605
0.7848	-0.3793	-0.1551
0.8268	-0.4426	-0.1955
0.8023	-0.4478	-0.2192
0.8102	-0.4526	-0.164
0.8774	-0.4549	-0.1637
0.9198	-0.4234	-0.1677
0.9403	-0.385	-0.1757
1.006	-0.4133	-0.2042
1.082	-0.4871	-0.233
1.148	-0.6226	-0.4011
1.263	-0.8176	-0.5706
1.316	-0.8026	-0.4982
1.097	-0.5389	-0.3881
0.8291	-0.3722	-0.4314
0.8391	-0.4661	-0.4398
0.9546	-0.6095	-0.4291
0.9788	-0.6076	-0.5054
0.9065	-0.5846	-0.4784
0.7979	-0.557	-0.3898
0.7751	-0.4627	-0.3223
0.7784	-0.4389	-0.27
0.7501	-0.3711	-0.3312
0.7285	-0.2046	-0.3549
0.6864	-0.1599	-0.3397
0.6678	-0.1797	-0.3541
0.6824	-0.1823	-0.3162
0.697	-0.2264	-0.3535
0.7379	-0.2714	-0.395
0.7577	-0.2502	-0.3635
0.7467	-0.1786	-0.3578
0.7578	-0.1368	-0.339
0.768	-0.1148	-0.367
0.7888	-0.09803	-0.4099
0.8422	-0.1265	-0.3787
0.8648	-0.1849	-0.3528
0.8383	-0.2057	-0.3402
0.8308	-0.1406	-0.3531
0.886	-0.09411	-0.3926
0.9712	-0.1195	-0.3953
1.019	-0.1262	-0.3685
1.004	-0.1099	-0.3497
0.977	-0.1016	-0.3606
0.9791	-0.1087	-0.3842
1.02	-0.1512	-0.4399
1.148	-0.2233	-0.6088
1.308	-0.2577	-0.7903
1.37	-0.2482	-0.8102
0.8798	-0.3938	-0.2938
0.9173	-0.4213	-0.3212
0.9592	-0.4742	-0.331
1.028	-0.4956	-0.2677
1.08	-0.4323	-0.1717
1.126	-0.3221	-0.1768
1.195	-0.2809	-0.2348
1.198	-0.3333	-0.2222
1.069	-0.3821	-0.1454
0.8812	-0.4055	-0.06418
0.7796	-0.4399	-0.0874
0.7918	-0.4582	-0.1367
0.8312	-0.4341	-0.09443
0.8988	-0.3903	-0.1073
0.9559	-0.3524	-0.1425
0.9186	-0.3433	-0.1253
0.8795	-0.3744	-0.1483
0.8928	-0.4197	-0.1406
0.8891	-0.4682	-0.124
0.8834	-0.4893	-0.1318
0.8768	-0.442	-0.09127
0.8383	-0.3811	-0.0825
0.8211	-0.3596	-0.1025
0.847	-0.3867	-0.1097
0.8758	-0.4341	-0.1166
0.8804	-0.4321	-0.1023
0.8613	-0.4024	-0.09307
0.8506	-0.3837	-0.0766
0.864	-0.3785	-0.08173
0.9088	-0.3969	-0.1321
0.9775	-0.4127	-0.1647
1.015	-0.4353	-0.1721
1.034	-0.4633	-0.1461
1.097	-0.4991	-0.1437
1.215	-0.5999	-0.2345
1.462	-0.7381	-0.3816
1.703	-0.7929	-0.5363
1.504	-0.6207	-0.5968
0.9923	-0.436	-0.5312
0.7433	-0.5882	-0.4612
0.8277	-0.7579	-0.4462
0.9166	-0.7057	-0.4289
0.8047	-0.6729	-0.4106
0.7323	-0.576	-0.4104
0.8012	-0.434	-0.3659
0.7889	-0.417	-0.3532
0.8499	-0.3406	-0.4033
0.8862	-0.1885	-0.4195
0.7876	-0.1094	-0.4415
0.7897	-0.1196	-0.4106
0.7473	-0.2026	-0.3459
0.7405	-0.2874	-0.3713
0.7854	-0.3592	-0.3673
0.7116	-0.3954	-0.3177
0.6995	-0.3477	-0.2828
0.6649	-0.2689	-0.2531
0.6541	-0.1787	-0.2667
0.7455	-0.1015	-0.2896
0.8021	-0.09604	-0.3264
0.9038	-0.1335	-0.3549
0.9342	-0.1499	-0.3277
0.9144	-0.1284	-0.3187
0.937	-0.08936	-0.3203
0.907	-0.06214	-0.3259
0.9676	-0.08374	-0.3538
1.071	-0.1198	-0.3635
1.107	-0.1399	-0.4622
1.139	-0.2301	-0.7245
1.16	-0.3555	-0.9375
1.243	-0.4499	-0.9658
1.309	-0.5514	-1.002
1.208	-0.4929	-1.027
1.071	-0.2758	-0.869
1.016	-0.2098	-0.7486
0.9276	-0.2137	-0.6605
0.8042	-0.1725	-0.4633
0.7943	-0.2111	-0.4089
0.7626	-0.2589	-0.4445
0.6563	-0.3207	-0.4272
0.6244	-0.4089	-0.4224
0.6236	-0.4431	-0.3518
0.6632	-0.4613	-0.2631
0.7008	-0.4135	-0.2407
0.6696	-0.2787	-0.2849
0.6626	-0.1408	-0.3261
0.6541	-0.1407	-0.2861
0.6269	-0.2749	-0.2456
0.6053	-0.3292	-0.1953
0.6145	-0.3656	-0.1782
0.68	-0.4026	-0.2134
0.7143	-0.3882	-0.1851
0.7211	-0.4321	-0.1807
0.7979	-0.4381	-0.2017
0.9714	-0.4536	-0.2049
1.078	-0.4879	-0.2438
1.037	-0.4615	-0.2672
1.066	-0.5461	-0.3381
1.169	-0.6412	-0.4875
1.271	-0.6974	-0.5709
1.36	-0.7131	-0.5524
1.179	-0.564	-0.5552
0.7873	-0.5046	-0.6145
0.6121	-0.6012	-0.5769
0.8158	-0.6889	-0.5177
1.029	-0.6937	-0.5695
0.8806	-0.5806	-0.5665
0.7667	-0.4797	-0.512
0.8405	-0.3689	-0.4591
0.7611	-0.2528	-0.3765
0.7177	-0.2003	-0.3902
0.7208	-0.1722	-0.4544
0.6826	-0.1972	-0.4676
0.7386	-0.1758	-0.4392
0.7028	-0.1367	-0.372
0.6542	-0.1582	-0.365
0.6445	-0.1556	-0.373
0.5902	-0.1787	-0.3105
0.6403	-0.1842	-0.2781
0.6774	-0.1434	-0.3125
0.7694	-0.102	-0.3709
0.9191	-0.04217	-0.39
0.9095	-0.03009	-0.389
0.9745	-0.03696	-0.4576
1.091	-0.07252	-0.547
1.11	-0.1832	-0.5973
1.168	-0.2554	-0.6963
1.188	-0.3012	-0.918
1.164	-0.4094	-1.041
0.9676	-0.08374	-0.3538
1.071	-0.1198	-0.3635
1.107	-0.1399	-0.4622
1.139	-0.2301	-0.7245
1.16	-0.3555	-0.9375
1.243	-0.4499	-0.9658
1.309	-0.5514	-1.002
1.208	-0.4929	-1.027
1.071	-0.2758	-0.869
1.016	-0.2098	-0.7486
0.9276	-0.2137	-0.6605
0.8042	-0.1725	-0.4633
0.7943	-0.2111	-0.4089
0.7626	-0.2589	-0.4445
0.6563	-0.3207	-0.4272
0.6244	-0.4089	-0.4224
0.6236	-0.4431	-0.3518
0.6632	-0.4613	-0.2631
0.7008	-0.4135	-0.2407
0.6696	-0.2787	-0.2849
0.6626	-0.1408	-0.3261
0.6541	-0.1407	-0.2861
0.6269	-0.2749	-0.2456
0.6053	-0.3292	-0.1953
0.6145	-0.3656	-0.1782
0.68	-0.4026	-0.2134
0.7143	-0.3882	-0.1851
0.7211	-0.4321	-0.1807
0.7979	-0.4381	-0.2017
0.9714	-0.4536	-0.2049
1.078	-0.4879	-0.2438
1.037	-0.4615	-0.2672
1.066	-0.5461	-0.3381
1.169	-0.6412	-0.4875
1.271	-0.6974	-0.5709
1.36	-0.7131	-0.5524
1.179	-0.564	-0.5552
0.7873	-0.5046	-0.6145
0.6121	-0.6012	-0.5769
0.8158	-0.6889	-0.5177
1.029	-0.6937	-0.5695
0.8806	-0.5806	-0.5665
0.7667	-0.4797	-0.512
0.8405	-0.3689	-0.4591
0.7611	-0.2528	-0.3765
0.7177	-0.2003	-0.3902
0.7208	-0.1722	-0.4544
0.6826	-0.1972	-0.4676
0.7386	-0.1758	-0.4392
0.7028	-0.1367	-0.372
0.6542	-0.1582	-0.365
0.6445	-0.1556	-0.373
0.5902	-0.1787	-0.3105
0.6403	-0.1842	-0.2781
0.6774	-0.1434	-0.3125
0.7694	-0.102	-0.3709
0.9191	-0.04217	-0.39
0.9095	-0.03009	-0.389
0.9745	-0.03696	-0.4576
1.091	-0.07252	-0.547
1.11	-0.1832	-0.5973
1.168	-0.2554	-0.6963
1.188	-0.3012	-0.918
1.164	-0.4094	-1.041
1.145	-0.4945	-0.9018
1.018	-0.4436	-0.7645
0.8838	-0.3291	-0.7067
0.887	-0.1983	-0.5981
0.8832	-0.07719	-0.534
0.8418	-0.1077	-0.4954
0.8358	-0.2047	-0.439
0.7412	-0.2867	-0.4657
0.6336	-0.3652	-0.4864
0.6435	-0.3447	-0.4621
0.6622	-0.3486	-0.4626
0.7191	-0.3634	-0.3801
0.8046	-0.2859	-0.2682
0.7559	-0.2644	-0.2738
0.6097	-0.224	-0.2838
0.4887	-0.154	-0.2493
0.4754	-0.2096	-0.2544
0.5954	-0.3541	-0.267
0.7273	-0.5102	-0.2443
0.782	-0.5231	-0.2387
0.7764	-0.4236	-0.2521
0.7821	-0.4131	-0.2485
0.8535	-0.434	-0.2513
0.931	-0.4456	-0.2507
1.064	-0.4813	-0.2613
1.199	-0.5163	-0.3573
1.222	-0.626	-0.5714
1.42	-0.7744	-0.7727
1.577	-0.749	-0.7719
1.143	-0.5366	-0.703
0.5722	-0.3841	-0.6503
0.4832	-0.4597	-0.5033
0.7524	-0.6063	-0.453
0.9314	-0.6236	-0.5219
0.8514	-0.5631	-0.5137
0.7834	-0.477	-0.4678
0.7685	-0.3746	-0.4031
0.703	-0.2753	-0.379
0.6923	-0.1677	-0.4108
0.6859	-0.1493	-0.3975
0.6642	-0.1716	-0.398
0.6809	-0.1551	-0.4075
0.6723	-0.184	-0.3999
0.6747	-0.1684	-0.4092
0.6884	-0.146	-0.4053
0.6758	-0.208	-0.4069
0.6918	-0.2245	-0.3938
0.7209	-0.1956	-0.3705
0.7643	-0.1383	-0.3827
0.8407	-0.0632	-0.3911
0.936	-0.007134	-0.4095
1.039	0.01016	-0.4665
1.096	-0.05634	-0.5406
1.116	-0.1265	-0.6161
1.117	-0.2113	-0.7258
1.117	-0.3153	-0.9109
1.143	-0.3663	-1.024
1.105	-0.4265	-0.9531
1.013	-0.403	-0.8694
0.9358	-0.3184	-0.821
0.8882	-0.3272	-0.7193
0.8762	-0.2916	-0.6284
0.8521	-0.2364	-0.5253
0.8595	-0.2644	-0.4473
1.145	-0.4945	-0.9018
1.018	-0.4436	-0.7645
0.8838	-0.3291	-0.7067
0.887	-0.1983	-0.5981
0.8832	-0.07719	-0.534
0.8418	-0.1077	-0.4954
0.8358	-0.2047	-0.439
0.7412	-0.2867	-0.4657
0.6336	-0.3652	-0.4864
0.6435	-0.3447	-0.4621
0.6622	-0.3486	-0.4626
0.7191	-0.3634	-0.3801
0.8046	-0.2859	-0.2682
0.7559	-0.2644	-0.2738
0.6097	-0.224	-0.2838
0.4887	-0.154	-0.2493
0.4754	-0.2096	-0.2544
0.5954	-0.3541	-0.267
0.7273	-0.5102	-0.2443
0.782	-0.5231	-0.2387
0.7764	-0.4236	-0.2521
0.7821	-0.4131	-0.2485
0.8535	-0.434	-0.2513
0.931	-0.4456	-0.2507
1.064	-0.4813	-0.2613
1.199	-0.5163	-0.3573
1.222	-0.626	-0.5714
1.42	-0.7744	-0.7727
1.577	-0.749	-0.7719
1.143	-0.5366	-0.703
0.5722	-0.3841	-0.6503
0.4832	-0.4597	-0.5033
0.7524	-0.6063	-0.453
0.9314	-0.6236	-0.5219
0.8514	-0.5631	-0.5137
0.7834	-0.477	-0.4678
0.7685	-0.3746	-0.4031
0.703	-0.2753	-0.379
0.6923	-0.1677	-0.4108
0.6859	-0.1493	-0.3975
0.6642	-0.1716	-0.398
0.6809	-0.1551	-0.4075
0.6723	-0.184	-0.3999
0.6747	-0.1684	-0.4092
0.6884	-0.146	-0.4053
0.6758	-0.208	-0.4069
0.6918	-0.2245	-0.3938
0.7209	-0.1956	-0.3705
0.7643	-0.1383	-0.3827
0.8407	-0.0632	-0.3911
0.936	-0.007134	-0.4095
1.039	0.01016	-0.4665
1.096	-0.05634	-0.5406
1.116	-0.1265	-0.6161
1.117	-0.2113	-0.7258
1.117	-0.3153	-0.9109
1.143	-0.3663	-1.024
1.105	-0.4265	-0.9531
1.013	-0.403	-0.8694
0.9358	-0.3184	-0.821
0.8882	-0.3272	-0.7193
0.8762	-0.2916	-0.6284
0.8521	-0.2364	-0.5253
0.8595	-0.2644	-0.4473
0.8711	-0.2533	-0.4863
0.8228	-0.2388	-0.4889
0.7919	-0.2647	-0.4711
0.7135	-0.2736	-0.4473
0.6198	-0.2974	-0.3462
0.6469	-0.2959	-0.3471
0.6667	-0.2577	-0.3653
0.6147	-0.2463	-0.3141
0.5944	-0.2356	-0.3301
0.6147	-0.2519	-0.3002
0.6235	-0.3173	-0.2453
0.6398	-0.3749	-0.2645
0.6792	-0.4166	-0.2598
0.7043	-0.4768	-0.2132
0.7169	-0.5355	-0.1754
0.7606	-0.5007	-0.1957
0.8664	-0.4453	-0.2493
0.944	-0.4602	-0.2888
0.9795	-0.4727	-0.3131
1.064	-0.5166	-0.3375
1.096	-0.5821	-0.4612
1.114	-0.6636	-0.6396
1.29	-0.7494	-0.69
1.413	-0.6407	-0.6623
1.075	-0.4432	-0.6603
0.4706	-0.3665	-0.5831
0.3371	-0.4396	-0.4249
0.6841	-0.6093	-0.3764
0.9203	-0.6301	-0.4785
0.905	-0.5533	-0.5634
0.7935	-0.5014	-0.5275
0.7187	-0.3884	-0.4482
0.6672	-0.3113	-0.4077
0.6376	-0.2189	-0.4214
0.6646	-0.1047	-0.48
0.6643	-0.1042	-0.51
0.7018	-0.1088	-0.5204
0.7294	-0.09193	-0.5298
0.6648	-0.1252	-0.4912
0.645	-0.2516	-0.4609
0.6592	-0.3721	-0.4347
0.6918	-0.2578	-0.4081
0.7385	-0.03945	-0.42
0.7684	0.02492	-0.4306
0.8137	-0.02522	-0.4705
0.8634	-0.09365	-0.4914
0.9466	-0.1442	-0.47
0.9901	-0.1355	-0.4862
0.9786	-0.1169	-0.4811
1.063	-0.144	-0.4823
1.18	-0.165	-0.514
1.193	-0.1949	-0.5517
1.158	-0.2536	-0.6907
1.185	-0.2898	-0.8253
1.224	-0.3417	-0.8389
1.19	-0.4085	-0.8475
1.032	-0.4104	-0.8558
0.8044	-0.3852	-0.7976
0.8044	-0.3625	-0.7174
0.8889	-0.3129	-0.6337
0.8284	-0.3322	-0.5505
0.8814	-0.3924	-0.5152
0.9138	-0.369	-0.509
0.8142	-0.3814	-0.5124
0.8711	-0.2533	-0.4863
0.8228	-0.2388	-0.4889
0.7919	-0.2647	-0.4711
0.7135	-0.2736	-0.4473
0.6198	-0.2974	-0.3462
0.6469	-0.2959	-0.3471
0.6667	-0.2577	-0.3653
0.6147	-0.2463	-0.3141
0.5944	-0.2356	-0.3301
0.6147	-0.2519	-0.3002
0.6235	-0.3173	-0.2453
0.6398	-0.3749	-0.2645
0.6792	-0.4166	-0.2598
0.7043	-0.4768	-0.2132
0.7169	-0.5355	-0.1754
0.7606	-0.5007	-0.1957
0.8664	-0.4453	-0.2493
0.944	-0.4602	-0.2888
0.9795	-0.4727	-0.3131
1.064	-0.5166	-0.3375
1.096	-0.5821	-0.4612
1.114	-0.6636	-0.6396
1.29	-0.7494	-0.69
1.413	-0.6407	-0.6623
1.075	-0.4432	-0.6603
0.4706	-0.3665	-0.5831
0.3371	-0.4396	-0.4249
0.6841	-0.6093	-0.3764
0.9203	-0.6301	-0.4785
0.905	-0.5533	-0.5634
0.7935	-0.5014	-0.5275
0.7187	-0.3884	-0.4482
0.6672	-0.3113	-0.4077
0.6376	-0.2189	-0.4214
0.6646	-0.1047	-0.48
0.6643	-0.1042	-0.51
0.7018	-0.1088	-0.5204
0.7294	-0.09193	-0.5298
0.6648	-0.1252	-0.4912
0.645	-0.2516	-0.4609
0.6592	-0.3721	-0.4347
0.6918	-0.2578	-0.4081
0.7385	-0.03945	-0.42
0.7684	0.02492	-0.4306
0.8137	-0.02522	-0.4705
0.8634	-0.09365	-0.4914
0.9466	-0.1442	-0.47
0.9901	-0.1355	-0.4862
0.9786	-0.1169	-0.4811
1.063	-0.144	-0.4823
1.18	-0.165	-0.514
1.193	-0.1949	-0.5517
1.158	-0.2536	-0.6907
1.185	-0.2898	-0.8253
1.224	-0.3417	-0.8389
1.19	-0.4085	-0.8475
1.032	-0.4104	-0.8558
0.8044	-0.3852	-0.7976
0.8044	-0.3625	-0.7174
0.8889	-0.3129	-0.6337
0.8284	-0.3322	-0.5505
0.8814	-0.3924	-0.5152
0.9138	-0.369	-0.509
0.8142	-0.3814	-0.5124
0.775	-0.3963	-0.5278
0.7109	-0.276	-0.5159
0.7285	-0.185	-0.4932
0.7809	-0.2126	-0.4503
0.667	-0.2553	-0.361
0.5814	-0.2505	-0.2854
0.551	-0.2417	-0.2668
0.5678	-0.2519	-0.2964
0.6372	-0.253	-0.3228
0.6628	-0.3242	-0.3225
0.7424	-0.4116	-0.2728
0.772	-0.4054	-0.1978
0.7291	-0.3905	-0.2267
0.7718	-0.4062	-0.2649
0.7847	-0.4298	-0.2211
0.8042	-0.4293	-0.2314
0.8998	-0.3777	-0.2466
0.9629	-0.3133	-0.2417
0.9916	-0.3403	-0.2828
1.09	-0.5511	-0.3168
1.261	-0.822	-0.3886
1.243	-0.9162	-0.4492
1.138	-0.7701	-0.456
1.154	-0.5223	-0.6101
1.022	-0.3501	-0.7789
0.85	-0.4618	-0.6721
0.7829	-0.698	-0.5248
0.7559	-0.628	-0.5501
0.8551	-0.5553	-0.5586
0.8178	-0.5842	-0.5518
0.7629	-0.3733	-0.5885
0.8505	-0.3095	-0.5501
0.7766	-0.3565	-0.4753
0.7391	-0.2267	-0.4139
0.708	-0.1621	-0.417
0.6352	-0.05148	-0.4674
0.7225	0.07457	-0.4274
0.7	0.02884	-0.4115
0.658	-0.1295	-0.4048
0.6636	-0.283	-0.332
0.6199	-0.2324	-0.35
0.7183	-0.1618	-0.3707
0.7819	-0.1727	-0.3704
0.7899	-0.07026	-0.418
0.8649	-0.0007955	-0.4195
0.9068	-0.02706	-0.4464
0.9443	-0.04329	-0.4875
0.9626	-0.08554	-0.4799
1.001	-0.1425	-0.524
1.079	-0.2002	-0.6249
1.148	-0.2806	-0.7753
1.22	-0.3157	-0.9555
1.244	-0.3069	-1.009
1.188	-0.3668	-0.8924
1.014	-0.431	-0.7809
0.8671	-0.3616	-0.7393
0.9057	-0.2749	-0.6995
0.9351	-0.2955	-0.657
0.8538	-0.3032	-0.5499
0.7847	-0.2956	-0.4138
0.7582	-0.355	-0.3984
0.7282	-0.3662	-0.4321
0.6757	-0.3278	-0.4415
0.6249	-0.2774	-0.4674
0.775	-0.3963	-0.5278
0.7109	-0.276	-0.5159
0.7285	-0.185	-0.4932
0.7809	-0.2126	-0.4503
0.667	-0.2553	-0.361
0.5814	-0.2505	-0.2854
0.551	-0.2417	-0.2668
0.5678	-0.2519	-0.2964
0.6372	-0.253	-0.3228
0.6628	-0.3242	-0.3225
0.7424	-0.4116	-0.2728
0.772	-0.4054	-0.1978
0.7291	-0.3905	-0.2267
0.7718	-0.4062	-0.2649
0.7847	-0.4298	-0.2211
0.8042	-0.4293	-0.2314
0.8998	-0.3777	-0.2466
0.9629	-0.3133	-0.2417
0.9916	-0.3403	-0.2828
1.09	-0.5511	-0.3168
1.261	-0.822	-0.3886
1.243	-0.9162	-0.4492
1.138	-0.7701	-0.456
1.154	-0.5223	-0.6101
1.022	-0.3501	-0.7789
0.85	-0.4618	-0.6721
0.7829	-0.698	-0.5248
0.7559	-0.628	-0.5501
0.8551	-0.5553	-0.5586
0.8178	-0.5842	-0.5518
0.7629	-0.3733	-0.5885
0.8505	-0.3095	-0.5501
0.7766	-0.3565	-0.4753
0.7391	-0.2267	-0.4139
0.708	-0.1621	-0.417
0.6352	-0.05148	-0.4674
0.7225	0.07457	-0.4274
0.7	0.02884	-0.4115
0.658	-0.1295	-0.4048
0.6636	-0.283	-0.332
0.6199	-0.2324	-0.35
0.7183	-0.1618	-0.3707
0.7819	-0.1727	-0.3704
0.7899	-0.07026	-0.418
0.8649	-0.0007955	-0.4195
0.9068	-0.02706	-0.4464
0.9443	-0.04329	-0.4875
0.9626	-0.08554	-0.4799
1.001	-0.1425	-0.524
1.079	-0.2002	-0.6249
1.148	-0.2806	-0.7753
1.22	-0.3157	-0.9555
1.244	-0.3069	-1.009
1.188	-0.3668	-0.8924
1.014	-0.431	-0.7809
0.8671	-0.3616	-0.7393
0.9057	-0.2749	-0.6995
0.9351	-0.2955	-0.657
0.8538	-0.3032	-0.5499
0.7847	-0.2956	-0.4138
0.7582	-0.355	-0.3984
0.7282	-0.3662	-0.4321
0.6757	-0.3278	-0.4415
0.6249	-0.2774	-0.4674
0.6581	-0.1926	-0.476
0.7261	-0.1899	-0.4586
0.6953	-0.2307	-0.4214
0.6318	-0.2379	-0.3249
0.5445	-0.2826	-0.2211
0.4972	-0.3114	-0.2136
0.6387	-0.313	-0.2645
0.778	-0.3584	-0.2937
0.7967	-0.4302	-0.3031
0.783	-0.5068	-0.2791
0.8089	-0.527	-0.2527
0.9232	-0.4807	-0.2776
1.031	-0.4581	-0.3035
1.1	-0.4476	-0.3217
1.123	-0.4664	-0.4233
1.138	-0.6509	-0.6657
1.29	-0.9507	-0.9021
1.431	-1.041	-0.8903
1.262	-0.7338	-0.7299
0.7113	-0.2727	-0.6704
0.2193	-0.0657	-0.6842
0.4054	-0.3205	-0.6651
0.8932	-0.6942	-0.6135
1.003	-0.7286	-0.6162
0.9264	-0.6283	-0.6193
0.7795	-0.5005	-0.4595
0.6053	-0.2466	-0.3011
0.6463	-0.1714	-0.3179
0.6216	-0.1661	-0.3901
0.5314	-0.02855	-0.4305
0.604	-0.03925	-0.4489
0.6473	-0.1294	-0.4582
0.6788	-0.1698	-0.427
0.7052	-0.3043	-0.377
0.6965	-0.3571	-0.3582
0.7114	-0.1708	-0.3652
0.7146	0.007264	-0.4032
0.771	0.03307	-0.4205
0.8641	-0.0152	-0.434
0.9933	-0.05328	-0.4924
1.091	-0.05482	-0.546
1.042	-0.08925	-0.5809
1.036	-0.1809	-0.6027
1.138	-0.3468	-0.6424
1.213	-0.4323	-0.7197
1.227	-0.231	-0.838
1.218	-0.09573	-0.9161
1.12	-0.3026	-0.8716
0.8843	-0.5021	-0.8665
0.7706	-0.4755	-0.8871
0.8589	-0.4088	-0.8093
0.8737	-0.378	-0.7055
0.785	-0.2877	-0.5557
0.7368	-0.2311	-0.4417
0.7263	-0.2394	-0.454
0.7386	-0.2233	-0.4719
0.7418	-0.2389	-0.4739
0.6722	-0.26	-0.4745
0.6177	-0.2549	-0.445
0.6534	-0.2659	-0.39
0.6818	-0.2751	-0.3361
0.6507	-0.2802	-0.2966
0.6245	-0.2717	-0.2696
0.6277	-0.2736	-0.2836
0.6581	-0.1926	-0.476
0.7261	-0.1899	-0.4586
0.6953	-0.2307	-0.4214
0.6318	-0.2379	-0.3249
0.5445	-0.2826	-0.2211
0.4972	-0.3114	-0.2136
0.6387	-0.313	-0.2645
0.778	-0.3584	-0.2937
0.7967	-0.4302	-0.3031
0.783	-0.5068	-0.2791
0.8089	-0.527	-0.2527
0.9232	-0.4807	-0.2776
1.031	-0.4581	-0.3035
1.1	-0.4476	-0.3217
1.123	-0.4664	-0.4233
1.138	-0.6509	-0.6657
1.29	-0.9507	-0.9021
1.431	-1.041	-0.8903
1.262	-0.7338	-0.7299
0.7113	-0.2727	-0.6704
0.2193	-0.0657	-0.6842
0.4054	-0.3205	-0.6651
0.8932	-0.6942	-0.6135
1.003	-0.7286	-0.6162
0.9264	-0.6283	-0.6193
0.7795	-0.5005	-0.4595
0.6053	-0.2466	-0.3011
0.6463	-0.1714	-0.3179
0.6216	-0.1661	-0.3901
0.5314	-0.02855	-0.4305
0.604	-0.03925	-0.4489
0.6473	-0.1294	-0.4582
0.6788	-0.1698	-0.427
0.7052	-0.3043	-0.377
0.6965	-0.3571	-0.3582
0.7114	-0.1708	-0.3652
0.7146	0.007264	-0.4032
0.771	0.03307	-0.4205
0.8641	-0.0152	-0.434
0.9933	-0.05328	-0.4924
1.091	-0.05482	-0.546
1.042	-0.08925	-0.5809
1.036	-0.1809	-0.6027
1.138	-0.3468	-0.6424
1.213	-0.4323	-0.7197
1.227	-0.231	-0.838
1.218	-0.09573	-0.9161
1.12	-0.3026	-0.8716
0.8843	-0.5021	-0.8665
0.7706	-0.4755	-0.8871
0.8589	-0.4088	-0.8093
0.8737	-0.378	-0.7055
0.785	-0.2877	-0.5557
0.7368	-0.2311	-0.4417
0.7263	-0.2394	-0.454
0.7386	-0.2233	-0.4719
0.7418	-0.2389	-0.4739
0.6722	-0.26	-0.4745
0.6177	-0.2549	-0.445
0.6534	-0.2659	-0.39
0.6818	-0.2751	-0.3361
0.6507	-0.2802	-0.2966
0.6245	-0.2717	-0.2696
0.6277	-0.2736	-0.2836
0.6403	-0.3211	-0.3051
0.6872	-0.4091	-0.3119
0.7294	-0.5016	-0.3038
0.7276	-0.5238	-0.2587
0.7397	-0.4948	-0.2386
0.7611	-0.4685	-0.2402
0.7848	-0.4388	-0.2537
0.8362	-0.4124	-0.2982
0.9168	-0.4074	-0.3039
1.01	-0.413	-0.305
1.085	-0.4005	-0.3268
1.166	-0.4193	-0.3741
1.243	-0.5458	-0.5117
1.358	-0.7332	-0.5944
1.46	-0.7829	-0.5391
1.141	-0.6062	-0.5019
0.5911	-0.4962	-0.4741
0.5177	-0.6243	-0.3714
0.733	-0.712	-0.3338
0.7669	-0.6348	-0.4692
0.7563	-0.5613	-0.6026
0.7777	-0.5211	-0.5826
0.7513	-0.4706	-0.5129
0.6881	-0.4296	-0.4912
0.6214	-0.3471	-0.4826
0.6169	-0.2822	-0.4979
0.6505	-0.3041	-0.56
0.6852	-0.2828	-0.6152
0.7059	-0.2641	-0.6301
0.6803	-0.2862	-0.6193
0.6611	-0.2371	-0.6126
0.6542	-0.1612	-0.5648
0.6353	-0.07949	-0.4872
0.6531	-0.05695	-0.4996
0.73	-0.08527	-0.5336
0.8009	-0.01544	-0.5568
0.7934	0.009724	-0.6148
0.7883	-0.03758	-0.578
0.8336	-0.0374	-0.4962
0.829	-0.1016	-0.4669
0.8124	-0.1492	-0.4152
0.8374	-0.05509	-0.4076
0.8429	0.03912	-0.4433
0.8832	0.02137	-0.4399
0.9623	-0.05752	-0.4604
0.9821	-0.09036	-0.4374
0.9621	-0.07168	-0.3522
0.9544	-0.0342	-0.352
1.016	-0.02465	-0.4067
1.142	-0.08806	-0.5532
1.276	-0.1378	-0.821
1.375	-0.1363	-0.9413
1.288	-0.1661	-0.8721
1.055	-0.2479	-0.8877
0.9104	-0.2894	-1.032
0.9085	-0.3086	-1.089
0.941	-0.3838	-0.9658
0.8348	-0.3933	-0.7581
0.6815	-0.3255	-0.5959
0.6826	-0.2557	-0.5497
0.7628	-0.173	-0.5628
0.8294	-0.1313	-0.5535
0.7977	-0.09144	-0.4873
0.7153	-0.05572	-0.4242
0.6403	-0.3211	-0.3051
0.6872	-0.4091	-0.3119
0.7294	-0.5016	-0.3038
0.7276	-0.5238	-0.2587
0.7397	-0.4948	-0.2386
0.7611	-0.4685	-0.2402
0.7848	-0.4388	-0.2537
0.8362	-0.4124	-0.2982
0.9168	-0.4074	-0.3039
1.01	-0.413	-0.305
1.085	-0.4005	-0.3268
1.166	-0.4193	-0.3741
1.243	-0.5458	-0.5117
1.358	-0.7332	-0.5944
1.46	-0.7829	-0.5391
1.141	-0.6062	-0.5019
0.5911	-0.4962	-0.4741
0.5177	-0.6243	-0.3714
0.733	-0.712	-0.3338
0.7669	-0.6348	-0.4692
0.7563	-0.5613	-0.6026
0.7777	-0.5211	-0.5826
0.7513	-0.4706	-0.5129
0.6881	-0.4296	-0.4912
0.6214	-0.3471	-0.4826
0.6169	-0.2822	-0.4979
0.6505	-0.3041	-0.56
0.6852	-0.2828	-0.6152
0.7059	-0.2641	-0.6301
0.6803	-0.2862	-0.6193
0.6611	-0.2371	-0.6126
0.6542	-0.1612	-0.5648
0.6353	-0.07949	-0.4872
0.6531	-0.05695	-0.4996
0.73	-0.08527	-0.5336
0.8009	-0.01544	-0.5568
0.7934	0.009724	-0.6148
0.7883	-0.03758	-0.578
0.8336	-0.0374	-0.4962
0.829	-0.1016	-0.4669
0.8124	-0.1492	-0.4152
0.8374	-0.05509	-0.4076
0.8429	0.03912	-0.4433
0.8832	0.02137	-0.4399
0.9623	-0.05752	-0.4604
0.9821	-0.09036	-0.4374
0.9621	-0.07168	-0.3522
0.9544	-0.0342	-0.352
1.016	-0.02465	-0.4067
1.142	-0.08806	-0.5532
1.276	-0.1378	-0.821
1.375	-0.1363	-0.9413
1.288	-0.1661	-0.8721
1.055	-0.2479	-0.8877
0.9104	-0.2894	-1.032
0.9085	-0.3086	-1.089
0.941	-0.3838	-0.9658
0.8348	-0.3933	-0.7581
0.6815	-0.3255	-0.5959
0.6826	-0.2557	-0.5497
0.7628	-0.173	-0.5628
0.8294	-0.1313	-0.5535
0.7977	-0.09144	-0.4873
0.7153	-0.05572	-0.4242
0.6665	-0.07166	-0.4184
0.5698	-0.09542	-0.3934
0.568	-0.1671	-0.3381
0.6543	-0.2734	-0.2502
0.6499	-0.3508	-0.1664
0.6437	-0.3647	-0.1887
0.6294	-0.3466	-0.2096
0.6367	-0.3787	-0.192
0.7191	-0.4073	-0.2478
0.8053	-0.4389	-0.3223
0.8842	-0.4698	-0.3424
0.867	-0.437	-0.3235
0.8813	-0.4426	-0.3074
1.031	-0.4723	-0.3202
1.068	-0.4843	-0.3448
1.012	-0.553	-0.4501
1.062	-0.6716	-0.665
1.342	-0.7545	-0.772
1.547	-0.6297	-0.6853
1.041	-0.4176	-0.5936
0.3986	-0.4055	-0.5195
0.556	-0.4886	-0.4613
0.8947	-0.5349	-0.5719
0.9044	-0.5229	-0.7056
0.9052	-0.454	-0.6524
0.7709	-0.409	-0.5191
0.6167	-0.3481	-0.3704
0.6096	-0.2587	-0.311
0.5333	-0.1643	-0.4182
0.5594	-0.1024	-0.4779
0.6078	-0.1377	-0.4748
0.6105	-0.1442	-0.4935
0.7313	-0.1215	-0.4812
0.7122	-0.144	-0.4816
0.6448	-0.1297	-0.4525
0.6491	-0.1178	-0.4063
0.6252	-0.1161	-0.4304
0.7298	-0.1018	-0.4474
0.8842	-0.09711	-0.4726
0.962	-0.06078	-0.5138
0.95	-0.03093	-0.4956
0.9429	-0.01198	-0.4798
1.018	-0.006965	-0.5015
0.9987	-0.0729	-0.5356
0.9858	-0.1698	-0.6257
1.066	-0.2554	-0.7886
1.195	-0.2597	-0.9674
1.336	-0.2421	-1.068
1.094	-0.3135	-1.015
0.7066	-0.3305	-0.9186
0.7815	-0.2918	-0.8951
0.9576	-0.2617	-0.8723
0.9746	-0.185	-0.8316
0.9773	-0.1423	-0.6997
0.876	-0.1204	-0.4871
0.7898	-0.1213	-0.4349
0.7356	-0.1823	-0.466
0.6397	-0.2058	-0.4421
0.6251	-0.2223	-0.4413
0.5944	-0.2295	-0.4316
0.5544	-0.2188	-0.4053
0.5678	-0.2499	-0.3691
0.5563	-0.2721	-0.315
0.5702	-0.3031	-0.2766
0.6665	-0.07166	-0.4184
0.5698	-0.09542	-0.3934
0.568	-0.1671	-0.3381
0.6543	-0.2734	-0.2502
0.6499	-0.3508	-0.1664
0.6437	-0.3647	-0.1887
0.6294	-0.3466	-0.2096
0.6367	-0.3787	-0.192
0.7191	-0.4073	-0.2478
0.8053	-0.4389	-0.3223
0.8842	-0.4698	-0.3424
0.867	-0.437	-0.3235
0.8813	-0.4426	-0.3074
1.031	-0.4723	-0.3202
1.068	-0.4843	-0.3448
1.012	-0.553	-0.4501
1.062	-0.6716	-0.665
1.342	-0.7545	-0.772
1.547	-0.6297	-0.6853
1.041	-0.4176	-0.5936
0.3986	-0.4055	-0.5195
0.556	-0.4886	-0.4613
0.8947	-0.5349	-0.5719
0.9044	-0.5229	-0.7056
0.9052	-0.454	-0.6524
0.7709	-0.409	-0.5191
0.6167	-0.3481	-0.3704
0.6096	-0.2587	-0.311
0.5333	-0.1643	-0.4182
0.5594	-0.1024	-0.4779
0.6078	-0.1377	-0.4748
0.6105	-0.1442	-0.4935
0.7313	-0.1215	-0.4812
0.7122	-0.144	-0.4816
0.6448	-0.1297	-0.4525
0.6491	-0.1178	-0.4063
0.6252	-0.1161	-0.4304
0.7298	-0.1018	-0.4474
0.8842	-0.09711	-0.4726
0.962	-0.06078	-0.5138
0.95	-0.03093	-0.4956
0.9429	-0.01198	-0.4798
1.018	-0.006965	-0.5015
0.9987	-0.0729	-0.5356
0.9858	-0.1698	-0.6257
1.066	-0.2554	-0.7886
1.195	-0.2597	-0.9674
1.336	-0.2421	-1.068
1.094	-0.3135	-1.015
0.7066	-0.3305	-0.9186
0.7815	-0.2918	-0.8951
0.9576	-0.2617	-0.8723
0.9746	-0.185	-0.8316
0.9773	-0.1423	-0.6997
0.876	-0.1204	-0.4871
0.7898	-0.1213	-0.4349
0.7356	-0.1823	-0.466
0.6397	-0.2058	-0.4421
0.6251	-0.2223	-0.4413
0.5944	-0.2295	-0.4316
0.5544	-0.2188	-0.4053
0.5678	-0.2499	-0.3691
0.5563	-0.2721	-0.315
0.5702	-0.3031	-0.2766
0.5745	-0.34	-0.2428
0.6175	-0.3571	-0.2555
0.769	-0.3842	-0.3405
0.8594	-0.4226	-0.4161
0.8286	-0.5006	-0.3915
0.793	-0.519	-0.3164
0.837	-0.4414	-0.2998
0.8928	-0.3975	-0.2981
0.9796	-0.3849	-0.3026
1.084	-0.394	-0.3681
1.048	-0.4236	-0.5191
1.078	-0.5028	-0.752
1.303	-0.6717	-0.887
1.41	-0.7163	-0.8512
1.077	-0.5202	-0.787
0.5024	-0.3517	-0.695
0.4106	-0.4108	-0.5537
0.7293	-0.5221	-0.5016
0.8587	-0.5275	-0.5725
0.8357	-0.4993	-0.5947
0.7592	-0.4236	-0.5402
0.6783	-0.3164	-0.4968
0.6236	-0.216	-0.4626
0.5928	-0.1143	-0.4915
0.67	-0.1333	-0.5348
0.6933	-0.1777	-0.5103
0.6559	-0.1497	-0.5102
0.636	-0.1276	-0.5142
0.5923	-0.05239	-0.4701
0.6132	-0.04867	-0.4307
0.6235	-0.1682	-0.3861
0.6242	-0.2332	-0.3392
0.6874	-0.2215	-0.3663
0.7854	-0.1447	-0.493
0.9481	-0.1062	-0.6136
1.002	-0.13	-0.6253
0.9601	-0.1264	-0.5946
1.043	-0.1363	-0.623
1.104	-0.1417	-0.66
1.068	-0.1194	-0.7227
1.111	-0.03579	-0.9724
1.215	0.006134	-1.195
1.202	-0.2547	-1.083
0.9626	-0.5517	-0.9414
0.7231	-0.4722	-0.9333
0.8275	-0.2815	-0.82
0.9754	-0.2206	-0.7801
0.8563	-0.1177	-0.7715
0.7648	-0.09661	-0.5203
0.6694	-0.2007	-0.4093
0.5693	-0.2299	-0.4796
0.64	-0.2819	-0.4537
0.6002	-0.3037	-0.4972
0.5589	-0.2875	-0.5073
0.6415	-0.3326	-0.4314
0.627	-0.2907	-0.3973
0.6518	-0.247	-0.3427
0.6462	-0.2221	-0.3407
0.5667	-0.2044	-0.3418
0.5761	-0.2788	-0.3152
0.6446	-0.3329	-0.3146
0.777	-0.4352	-0.2893
0.7894	-0.4865	-0.3071
0.7595	-0.4153	-0.3255
1.125	-0.1585	-0.5505
1.137	-0.04182	-0.6841
1.222	0.06502	-0.8795
1.38	-0.1051	-0.9698
1.37	-0.3085	-0.9401
1.175	-0.2674	-0.9368
0.9383	-0.2377	-0.9265
0.779	-0.2896	-0.8519
0.8008	-0.2826	-0.8341
0.8673	-0.2943	-0.8232
0.8638	-0.2847	-0.7288
0.8404	-0.2319	-0.6322
0.7966	-0.2297	-0.5718
0.7987	-0.2486	-0.5665
0.7879	-0.3041	-0.5715
0.6846	-0.3657	-0.5002
0.6481	-0.3272	-0.3963
0.6671	-0.2505	-0.3368
0.6549	-0.1971	-0.341
0.6226	-0.1409	-0.3331
0.5456	-0.1248	-0.2846
0.5185	-0.1898	-0.2734
0.5985	-0.2954	-0.2991
0.67	-0.3867	-0.3293
0.6599	-0.4317	-0.3219
0.6497	-0.4642	-0.2949
0.6806	-0.5032	-0.3062
0.6762	-0.4958	-0.3032
0.7356	-0.4885	-0.3127
0.8982	-0.5075	-0.3509
0.9724	-0.4973	-0.3809
0.9348	-0.521	-0.4898
0.9646	-0.6204	-0.6747
1.209	-0.7444	-0.8215
1.42	-0.7549	-0.8318
1.272	-0.5468	-0.7795
1.041	-0.3788	-0.7847
0.852	-0.4499	-0.6939
0.552	-0.5293	-0.5694
0.5678	-0.5145	-0.6126
0.831	-0.5323	-0.624
0.7736	-0.5418	-0.5414
0.7401	-0.5031	-0.5146
0.7837	-0.4791	-0.4875
0.6741	-0.4266	-0.459
0.7169	-0.3163	-0.4809
0.6897	-0.1702	-0.4865
0.6247	-0.06979	-0.4855
0.7065	-0.09023	-0.5004
0.656	-0.1107	-0.5021
0.6641	-0.1287	-0.5094
0.667	-0.1798	-0.4716
0.5945	-0.1952	-0.4008
0.6361	-0.2247	-0.403
0.6256	-0.1802	-0.4297
0.684	-0.07197	-0.4458
0.8116	-0.06241	-0.481
0.8647	-0.04517	-0.5017
0.901	-0.01076	-0.5053
0.9003	-0.02209	-0.5219
0.9451	-0.02952	-0.5633
0.9839	-0.1074	-0.6118
1.022	-0.2381	-0.6577
1.08	-0.2763	-0.7397
1.071	-0.2175	-0.9184
1.182	-0.2109	-1.106
1.285	-0.3595	-1.093
1.086	-0.5105	-0.9996
0.8362	-0.4816	-0.9906
0.8299	-0.3511	-0.8785
0.8914	-0.2415	-0.7084
0.8271	-0.1571	-0.6094
0.7694	-0.1268	-0.4948
0.6905	-0.1549	-0.4291
0.5968	-0.2021	-0.444
0.6221	-0.287	-0.4991
0.6383	-0.3671	-0.5601
0.6576	-0.4167	-0.5217
0.6944	-0.4414	-0.4443
0.6706	-0.356	-0.3985
0.6473	-0.2461	-0.3755
0.5981	-0.2383	-0.3873
0.5932	-0.2542	-0.3732
0.6284	-0.2776	-0.3372
0.6168	-0.3462	-0.3151
0.6657	-0.4078	-0.318
0.7004	-0.4248	-0.3525
0.6975	-0.4267	-0.3637
0.7592	-0.4448	-0.3759
0.8137	-0.4673	-0.377
0.9037	-0.4835	-0.3466
1.041	-0.499	-0.3893
1.102	-0.5415	-0.4869
1.11	-0.6474	-0.6385
1.169	-0.7329	-0.8185
1.195	-0.6168	-0.8571
0.9663	-0.3693	-0.8135
0.6467	-0.2926	-0.7446
0.596	-0.4297	-0.6446
0.7298	-0.5662	-0.6628
0.7909	-0.5783	-0.692
0.7694	-0.5515	-0.6037
0.7579	-0.5599	-0.537
0.7476	-0.4922	-0.4844
0.7174	-0.3464	-0.4558
0.6746	-0.2052	-0.5095
0.6164	-0.1088	-0.5241
0.6058	-0.1151	-0.5131
0.6231	-0.1134	-0.4942
0.6066	-0.07225	-0.4378
0.6029	-0.08738	-0.4565
0.6081	-0.1204	-0.4744
0.6127	-0.1873	-0.4403
0.6311	-0.2497	-0.4404
0.6574	-0.2163	-0.4267
0.709	-0.1502	-0.4555
0.7536	-0.07776	-0.5229
0.7677	-0.01168	-0.5275
0.7995	-0.02434	-0.5549
0.8676	-0.07671	-0.6041
0.9159	-0.105	-0.6083
0.9314	-0.132	-0.6084
0.975	-0.1546	-0.6207
1.025	-0.1905	-0.6851
1.052	-0.2412	-0.8565
1.108	-0.2481	-1.043
1.151	-0.244	-1.073
1.05	-0.2385	-0.9645
1.071	-0.2175	-0.9184
1.182	-0.2109	-1.106
1.285	-0.3595	-1.093
1.086	-0.5105	-0.9996
0.8362	-0.4816	-0.9906
0.8299	-0.3511	-0.8785
0.8914	-0.2415	-0.7084
0.8271	-0.1571	-0.6094
0.7694	-0.1268	-0.4948
0.6905	-0.1549	-0.4291
0.5968	-0.2021	-0.444
0.6221	-0.287	-0.4991
0.6383	-0.3671	-0.5601
0.6576	-0.4167	-0.5217
0.6944	-0.4414	-0.4443
0.6706	-0.356	-0.3985
0.6473	-0.2461	-0.3755
0.5981	-0.2383	-0.3873
0.5932	-0.2542	-0.3732
0.6284	-0.2776	-0.3372
0.6168	-0.3462	-0.3151
0.6657	-0.4078	-0.318
0.7004	-0.4248	-0.3525
0.6975	-0.4267	-0.3637
0.7592	-0.4448	-0.3759
0.8137	-0.4673	-0.377
0.9037	-0.4835	-0.3466
1.041	-0.499	-0.3893
1.102	-0.5415	-0.4869
1.11	-0.6474	-0.6385
1.169	-0.7329	-0.8185
1.195	-0.6168	-0.8571
0.9663	-0.3693	-0.8135
0.6467	-0.2926	-0.7446
0.596	-0.4297	-0.6446
0.7298	-0.5662	-0.6628
0.7909	-0.5783	-0.692
0.7694	-0.5515	-0.6037
0.7579	-0.5599	-0.537
0.7476	-0.4922	-0.4844
0.7174	-0.3464	-0.4558
0.6746	-0.2052	-0.5095
0.6164	-0.1088	-0.5241
0.6058	-0.1151	-0.5131
0.6231	-0.1134	-0.4942
0.6066	-0.07225	-0.4378
0.6029	-0.08738	-0.4565
0.6081	-0.1204	-0.4744
0.6127	-0.1873	-0.4403
0.6311	-0.2497	-0.4404
0.6574	-0.2163	-0.4267
0.709	-0.1502	-0.4555
0.7536	-0.07776	-0.5229
0.7677	-0.01168	-0.5275
0.7995	-0.02434	-0.5549
0.8676	-0.07671	-0.6041
0.9159	-0.105	-0.6083
0.9314	-0.132	-0.6084
0.975	-0.1546	-0.6207
1.025	-0.1905	-0.6851
1.052	-0.2412	-0.8565
1.108	-0.2481	-1.043
1.151	-0.244	-1.073
1.05	-0.2385	-0.9645
0.8637	-0.229	-0.9066
0.8137	-0.2472	-0.9157
0.8827	-0.272	-0.8507
0.8912	-0.3005	-0.7238
0.8193	-0.2677	-0.6519
0.7345	-0.1965	-0.5959
0.7091	-0.1953	-0.5318
0.725	-0.2	-0.535
0.6933	-0.2113	-0.531
0.6444	-0.26	-0.4989
0.6432	-0.2813	-0.4786
0.6575	-0.2763	-0.4163
0.6499	-0.2444	-0.4176
0.6492	-0.2054	-0.4622
0.6475	-0.2005	-0.4202
0.6075	-0.2223	-0.372
0.5646	-0.2748	-0.2906
0.5661	-0.35	-0.2323
0.6363	-0.3951	-0.2779
0.7694	-0.3938	-0.2758
0.9229	-0.4078	-0.2844
1.035	-0.4261	-0.3458
1.087	-0.4326	-0.3963
1.128	-0.5098	-0.5187
1.16	-0.6272	-0.7107
1.27	-0.6749	-0.9152
1.368	-0.5461	-0.99
1.017	-0.3325	-0.8887
0.4834	-0.3462	-0.7257
0.4814	-0.5199	-0.5156
0.759	-0.6216	-0.4809
0.8651	-0.6402	-0.6157
0.8733	-0.563	-0.5877
0.7854	-0.4732	-0.5303
0.6877	-0.3714	-0.5061
0.6449	-0.2277	-0.4455
0.5783	-0.1171	-0.4699
0.6017	-0.02205	-0.4537
0.657	-0.04855	-0.4287
0.6421	-0.1212	-0.462
0.635	-0.1446	-0.4174
0.5993	-0.262	-0.4014
0.5747	-0.279	-0.4031
0.5822	-0.1989	-0.3861
0.5816	-0.1352	-0.4254
0.6605	0.03293	-0.4446
0.8022	0.05486	-0.4986
0.9361	-0.03584	-0.5769
1.011	-0.023	-0.6038
1.008	-0.08198	-0.6427
1.008	-0.1506	-0.6591
1.026	-0.1918	-0.674
1.069	-0.288	-0.7359
1.148	-0.3096	-0.8593
1.246	-0.2879	-1.084
1.296	-0.3159	-1.187
1.076	-0.363	-0.9741
0.6936	-0.3999	-0.7181
0.5971	-0.3545	-0.6656
0.7214	-0.2381	-0.6635
0.7603	-0.1832	-0.623
0.7997	-0.2179	-0.6029
0.8537	-0.2771	-0.569
0.7698	-0.3328	-0.5154
0.8637	-0.229	-0.9066
0.8137	-0.2472	-0.9157
0.8827	-0.272	-0.8507
0.8912	-0.3005	-0.7238
0.8193	-0.2677	-0.6519
0.7345	-0.1965	-0.5959
0.7091	-0.1953	-0.5318
0.725	-0.2	-0.535
0.6933	-0.2113	-0.531
0.6444	-0.26	-0.4989
0.6432	-0.2813	-0.4786
0.6575	-0.2763	-0.4163
0.6499	-0.2444	-0.4176
0.6492	-0.2054	-0.4622
0.6475	-0.2005	-0.4202
0.6075	-0.2223	-0.372
0.5646	-0.2748	-0.2906
0.5661	-0.35	-0.2323
0.6363	-0.3951	-0.2779
0.7694	-0.3938	-0.2758
0.9229	-0.4078	-0.2844
1.035	-0.4261	-0.3458
1.087	-0.4326	-0.3963
1.128	-0.5098	-0.5187
1.16	-0.6272	-0.7107
1.27	-0.6749	-0.9152
1.368	-0.5461	-0.99
1.017	-0.3325	-0.8887
0.4834	-0.3462	-0.7257
0.4814	-0.5199	-0.5156
0.759	-0.6216	-0.4809
0.8651	-0.6402	-0.6157
0.8733	-0.563	-0.5877
0.7854	-0.4732	-0.5303
0.6877	-0.3714	-0.5061
0.6449	-0.2277	-0.4455
0.5783	-0.1171	-0.4699
0.6017	-0.02205	-0.4537
0.657	-0.04855	-0.4287
0.6421	-0.1212	-0.462
0.635	-0.1446	-0.4174
0.5993	-0.262	-0.4014
0.5747	-0.279	-0.4031
0.5822	-0.1989	-0.3861
0.5816	-0.1352	-0.4254
0.6605	0.03293	-0.4446
0.8022	0.05486	-0.4986
0.9361	-0.03584	-0.5769
1.011	-0.023	-0.6038
1.008	-0.08198	-0.6427
1.008	-0.1506	-0.6591
1.026	-0.1918	-0.674
1.069	-0.288	-0.7359
1.148	-0.3096	-0.8593
1.246	-0.2879	-1.084
1.296	-0.3159	-1.187
1.076	-0.363	-0.9741
0.6936	-0.3999	-0.7181
0.5971	-0.3545	-0.6656
0.7214	-0.2381	-0.6635
0.7603	-0.1832	-0.623
0.7997	-0.2179	-0.6029
0.8537	-0.2771	-0.569
0.7698	-0.3328	-0.5154
0.6535	-0.3563	-0.4653
0.6202	-0.3241	-0.453
0.6514	-0.267	-0.4859
0.7567	-0.227	-0.5144
0.82	-0.2409	-0.5299
0.6959	-0.2752	-0.4671
0.53	-0.2653	-0.3356
0.5456	-0.3042	-0.2728
0.6241	-0.4164	-0.2728
0.6159	-0.4487	-0.29
0.6292	-0.4118	-0.311
0.6717	-0.3882	-0.3011
0.716	-0.3786	-0.303
0.7587	-0.3873	-0.3417
0.7777	-0.4123	-0.3762
0.8773	-0.4551	-0.3804
0.9661	-0.4732	-0.347
0.9588	-0.4618	-0.3421
0.9762	-0.4817	-0.4508
0.9863	-0.5546	-0.6235
0.9839	-0.6343	-0.6986
0.9562	-0.5947	-0.641
0.8332	-0.4737	-0.6016
0.7131	-0.431	-0.5948
0.7008	-0.5168	-0.5553
0.7337	-0.6974	-0.5459
0.7388	-0.8149	-0.5539
0.7787	-0.8158	-0.5619
0.7152	-0.7182	-0.5846
0.5586	-0.5447	-0.5791
0.6103	-0.5154	-0.5797
0.6834	-0.5577	-0.5845
0.682	-0.4673	-0.5847
0.7183	-0.3552	-0.6157
0.6635	-0.2348	-0.6285
0.6522	-0.1636	-0.6226
0.6929	-0.2124	-0.6223
0.6922	-0.2334	-0.6335
0.7191	-0.2279	-0.6542
0.6654	-0.209	-0.6353
0.5926	-0.1444	-0.579
0.586	-0.1285	-0.5035
0.6304	-0.1435	-0.482
0.7554	-0.1092	-0.5561
0.8187	-0.0448	-0.5985
0.7808	0.01642	-0.5718
0.7246	0.03604	-0.5171
0.7047	-0.03535	-0.4739
0.7732	-0.1505	-0.5182
0.8809	-0.1761	-0.5678
0.9347	-0.07229	-0.5221
0.8999	0.03695	-0.4671
0.8939	0.03549	-0.4569
0.9525	0.001049	-0.4851
1.028	-0.01447	-0.5997
1.164	-0.1005	-0.7733
1.247	-0.1732	-0.9076
1.213	-0.1559	-0.9467
1.067	-0.1924	-0.9182
0.7876	-0.2596	-0.9301
0.6642	-0.2458	-0.9621
0.7589	-0.2535	-0.9317
0.7711	-0.3476	-0.8618
0.7353	-0.4189	-0.7398
0.6535	-0.3563	-0.4653
0.6202	-0.3241	-0.453
0.6514	-0.267	-0.4859
0.7567	-0.227	-0.5144
0.82	-0.2409	-0.5299
0.6959	-0.2752	-0.4671
0.53	-0.2653	-0.3356
0.5456	-0.3042	-0.2728
0.6241	-0.4164	-0.2728
0.6159	-0.4487	-0.29
0.6292	-0.4118	-0.311
0.6717	-0.3882	-0.3011
0.716	-0.3786	-0.303
0.7587	-0.3873	-0.3417
0.7777	-0.4123	-0.3762
0.8773	-0.4551	-0.3804
0.9661	-0.4732	-0.347
0.9588	-0.4618	-0.3421
0.9762	-0.4817	-0.4508
0.9863	-0.5546	-0.6235
0.9839	-0.6343	-0.6986
0.9562	-0.5947	-0.641
0.8332	-0.4737	-0.6016
0.7131	-0.431	-0.5948
0.7008	-0.5168	-0.5553
0.7337	-0.6974	-0.5459
0.7388	-0.8149	-0.5539
0.7787	-0.8158	-0.5619
0.7152	-0.7182	-0.5846
0.5586	-0.5447	-0.5791
0.6103	-0.5154	-0.5797
0.6834	-0.5577	-0.5845
0.682	-0.4673	-0.5847
0.7183	-0.3552	-0.6157
0.6635	-0.2348	-0.6285
0.6522	-0.1636	-0.6226
0.6929	-0.2124	-0.6223
0.6922	-0.2334	-0.6335
0.7191	-0.2279	-0.6542
0.6654	-0.209	-0.6353
0.5926	-0.1444	-0.579
0.586	-0.1285	-0.5035
0.6304	-0.1435	-0.482
0.7554	-0.1092	-0.5561
0.8187	-0.0448	-0.5985
0.7808	0.01642	-0.5718
0.7246	0.03604	-0.5171
0.7047	-0.03535	-0.4739
0.7732	-0.1505	-0.5182
0.8809	-0.1761	-0.5678
0.9347	-0.07229	-0.5221
0.8999	0.03695	-0.4671
0.8939	0.03549	-0.4569
0.9525	0.001049	-0.4851
1.028	-0.01447	-0.5997
1.164	-0.1005	-0.7733
1.247	-0.1732	-0.9076
1.213	-0.1559	-0.9467
1.067	-0.1924	-0.9182
0.7876	-0.2596	-0.9301
0.6642	-0.2458	-0.9621
0.7589	-0.2535	-0.9317
0.7711	-0.3476	-0.8618
0.7353	-0.4189	-0.7398
0.739	-0.389	-0.6427
0.7041	-0.328	-0.6553
0.7342	-0.2743	-0.6329
0.7946	-0.1694	-0.5649
0.7274	-0.138	-0.576
0.6588	-0.2107	-0.5736
0.6557	-0.2258	-0.4975
0.6751	-0.2879	-0.435
0.7073	-0.3458	-0.3898
0.6389	-0.2511	-0.3519
0.5365	-0.2058	-0.3094
0.5323	-0.2214	-0.2644
0.5804	-0.2701	-0.2973
0.6636	-0.3895	-0.3328
0.7383	-0.4183	-0.3006
0.7704	-0.4075	-0.3035
0.8073	-0.4362	-0.3183
0.9047	-0.4643	-0.3354
1.05	-0.5022	-0.4194
1.105	-0.5471	-0.5189
1.116	-0.6974	-0.6479
1.228	-0.8396	-0.8047
1.286	-0.7163	-0.8775
1.074	-0.4839	-0.8672
0.6901	-0.3982	-0.7536
0.5057	-0.4517	-0.5752
0.67	-0.5191	-0.5949
0.8531	-0.5093	-0.7108
0.8413	-0.4745	-0.667
0.8015	-0.4369	-0.6215
0.7882	-0.3681	-0.5786
0.7724	-0.3648	-0.5204
0.7657	-0.3402	-0.5157
0.6731	-0.2095	-0.4475
0.5803	-0.1474	-0.4608
0.5808	-0.1296	-0.5003
0.5845	-0.1146	-0.4295
0.5996	-0.1207	-0.4402
0.597	-0.09051	-0.4207
0.602	-0.1253	-0.3984
0.6656	-0.1597	-0.4415
0.7181	-0.08471	-0.4218
0.7552	-0.03267	-0.4703
0.752	-0.04118	-0.5048
0.7746	-0.08223	-0.4869
0.8612	-0.1041	-0.531
0.9065	-0.07023	-0.5379
0.9232	-0.04859	-0.5244
0.913	-0.06568	-0.5051
0.9306	-0.1012	-0.5371
1.024	-0.1586	-0.7014
1.102	-0.2196	-0.9239
1.159	-0.1634	-1.154
1.255	-0.1089	-1.273
1.32	-0.3284	-1.189
1.022	-0.5271	-0.9985
0.6118	-0.4216	-0.8742
0.6947	-0.2948	-0.8162
0.8189	-0.2072	-0.7607
0.6896	-0.05847	-0.7016
0.6818	-0.04436	-0.5208
0.6018	-0.1418	-0.4287
0.5019	-0.1836	-0.5313
0.5856	-0.2751	-0.5655
0.739	-0.389	-0.6427
0.7041	-0.328	-0.6553
0.7342	-0.2743	-0.6329
0.7946	-0.1694	-0.5649
0.7274	-0.138	-0.576
0.6588	-0.2107	-0.5736
0.6557	-0.2258	-0.4975
0.6751	-0.2879	-0.435
0.7073	-0.3458	-0.3898
0.6389	-0.2511	-0.3519
0.5365	-0.2058	-0.3094
0.5323	-0.2214	-0.2644
0.5804	-0.2701	-0.2973
0.6636	-0.3895	-0.3328
0.7383	-0.4183	-0.3006
0.7704	-0.4075	-0.3035
0.8073	-0.4362	-0.3183
0.9047	-0.4643	-0.3354
1.05	-0.5022	-0.4194
1.105	-0.5471	-0.5189
1.116	-0.6974	-0.6479
1.228	-0.8396	-0.8047
1.286	-0.7163	-0.8775
1.074	-0.4839	-0.8672
0.6901	-0.3982	-0.7536
0.5057	-0.4517	-0.5752
0.67	-0.5191	-0.5949
0.8531	-0.5093	-0.7108
0.8413	-0.4745	-0.667
0.8015	-0.4369	-0.6215
0.7882	-0.3681	-0.5786
0.7724	-0.3648	-0.5204
0.7657	-0.3402	-0.5157
0.6731	-0.2095	-0.4475
0.5803	-0.1474	-0.4608
0.5808	-0.1296	-0.5003
0.5845	-0.1146	-0.4295
0.5996	-0.1207	-0.4402
0.597	-0.09051	-0.4207
0.602	-0.1253	-0.3984
0.6656	-0.1597	-0.4415
0.7181	-0.08471	-0.4218
0.7552	-0.03267	-0.4703
0.752	-0.04118	-0.5048
0.7746	-0.08223	-0.4869
0.8612	-0.1041	-0.531
0.9065	-0.07023	-0.5379
0.9232	-0.04859	-0.5244
0.913	-0.06568	-0.5051
0.9306	-0.1012	-0.5371
1.024	-0.1586	-0.7014
1.102	-0.2196	-0.9239
1.159	-0.1634	-1.154
1.255	-0.1089	-1.273
1.32	-0.3284	-1.189
1.022	-0.5271	-0.9985
0.6118	-0.4216	-0.8742
0.6947	-0.2948	-0.8162
0.8189	-0.2072	-0.7607
0.6896	-0.05847	-0.7016
0.6818	-0.04436	-0.5208
0.6018	-0.1418	-0.4287
0.5019	-0.1836	-0.5313
0.5856	-0.2751	-0.5655
0.6116	-0.3846	-0.6088
0.7084	-0.4223	-0.5756
0.845	-0.4318	-0.4384
0.8002	-0.3552	-0.4419
0.7236	-0.2345	-0.4435
0.6194	-0.1637	-0.3992
0.5738	-0.2256	-0.3421
0.6413	-0.3836	-0.2614
0.6496	-0.4092	-0.2875
0.6708	-0.3854	-0.362
0.6677	-0.4202	-0.4026
0.6254	-0.4634	-0.3621
0.7165	-0.5128	-0.3084
0.8654	-0.4488	-0.4053
0.9761	-0.3673	-0.5088
0.9833	-0.3802	-0.5148
0.9101	-0.4329	-0.5392
0.9506	-0.5912	-0.6299
1.126	-0.7307	-0.7756
1.287	-0.6794	-0.8994
1.168	-0.4708	-0.9371
0.7924	-0.2947	-0.8526
0.5953	-0.359	-0.6615
0.6702	-0.5176	-0.567
0.7637	-0.5581	-0.6324
0.733	-0.4979	-0.6592
0.6806	-0.3941	-0.5975
0.6795	-0.3605	-0.533
0.6486	-0.4142	-0.4748
0.6852	-0.4287	-0.4326
0.7131	-0.4052	-0.4319
0.6589	-0.3242	-0.4809
0.6518	-0.1567	-0.5651
0.5908	-0.0866	-0.5867
0.5775	-0.1515	-0.5459
0.6411	-0.1788	-0.5378
0.6376	-0.1595	-0.4999
0.6733	-0.1675	-0.4598
0.6904	-0.1762	-0.4844
0.6924	-0.1612	-0.4968
0.7185	-0.1299	-0.5309
0.7186	-0.06526	-0.553
0.7573	-0.0394	-0.5115
0.7711	-0.06851	-0.5007
0.7825	-0.05947	-0.5078
0.8159	-0.06499	-0.512
0.829	-0.1046	-0.5234
0.8888	-0.1124	-0.5371
0.9458	-0.088	-0.5575
0.9799	-0.05883	-0.5758
1.015	-0.08931	-0.6718
1.067	-0.1666	-0.8488
1.141	-0.2654	-0.9703
1.145	-0.3538	-0.9914
1.066	-0.3182	-0.9956
0.9032	-0.2507	-1.044
0.7753	-0.2629	-1.071
0.8127	-0.2892	-0.991
0.8226	-0.3339	-0.8292
0.7698	-0.3396	-0.7288
0.7581	-0.2753	-0.7218
0.7153	-0.2509	-0.6812
0.7227	-0.2679	-0.6674
0.7746	-0.343	-0.7025
0.6116	-0.3846	-0.6088
0.7084	-0.4223	-0.5756
0.845	-0.4318	-0.4384
0.8002	-0.3552	-0.4419
0.7236	-0.2345	-0.4435
0.6194	-0.1637	-0.3992
0.5738	-0.2256	-0.3421
0.6413	-0.3836	-0.2614
0.6496	-0.4092	-0.2875
0.6708	-0.3854	-0.362
0.6677	-0.4202	-0.4026
0.6254	-0.4634	-0.3621
0.7165	-0.5128	-0.3084
0.8654	-0.4488	-0.4053
0.9761	-0.3673	-0.5088
0.9833	-0.3802	-0.5148
0.9101	-0.4329	-0.5392
0.9506	-0.5912	-0.6299
1.126	-0.7307	-0.7756
1.287	-0.6794	-0.8994
1.168	-0.4708	-0.9371
0.7924	-0.2947	-0.8526
0.5953	-0.359	-0.6615
0.6702	-0.5176	-0.567
0.7637	-0.5581	-0.6324
0.733	-0.4979	-0.6592
0.6806	-0.3941	-0.5975
0.6795	-0.3605	-0.533
0.6486	-0.4142	-0.4748
0.6852	-0.4287	-0.4326
0.7131	-0.4052	-0.4319
0.6589	-0.3242	-0.4809
0.6518	-0.1567	-0.5651
0.5908	-0.0866	-0.5867
0.5775	-0.1515	-0.5459
0.6411	-0.1788	-0.5378
0.6376	-0.1595	-0.4999
0.6733	-0.1675	-0.4598
0.6904	-0.1762	-0.4844
0.6924	-0.1612	-0.4968
0.7185	-0.1299	-0.5309
0.7186	-0.06526	-0.553
0.7573	-0.0394	-0.5115
0.7711	-0.06851	-0.5007
0.7825	-0.05947	-0.5078
0.8159	-0.06499	-0.512
0.829	-0.1046	-0.5234
0.8888	-0.1124	-0.5371
0.9458	-0.088	-0.5575
0.9799	-0.05883	-0.5758
1.015	-0.08931	-0.6718
1.067	-0.1666	-0.8488
1.141	-0.2654	-0.9703
1.145	-0.3538	-0.9914
1.066	-0.3182	-0.9956
0.9032	-0.2507	-1.044
0.7753	-0.2629	-1.071
0.8127	-0.2892	-0.991
0.8226	-0.3339	-0.8292
0.7698	-0.3396	-0.7288
0.7581	-0.2753	-0.7218
0.7153	-0.2509	-0.6812
0.7227	-0.2679	-0.6674
0.7746	-0.343	-0.7025
0.7109	-0.468	-0.632
0.6551	-0.5004	-0.5239
0.666	-0.4004	-0.493
0.6656	-0.2513	-0.5162
0.6905	-0.1489	-0.5486
0.6806	-0.1063	-0.5182
0.6279	-0.1188	-0.4542
0.5633	-0.2021	-0.3955
0.4999	-0.3112	-0.3255
0.5747	-0.4258	-0.2867
0.6762	-0.476	-0.2816
0.6582	-0.4192	-0.3093
0.6324	-0.3607	-0.3241
0.6368	-0.3485	-0.3026
0.7356	-0.3614	-0.3311
0.9375	-0.3748	-0.3724
1.071	-0.4007	-0.406
1.113	-0.4704	-0.4197
1.133	-0.5604	-0.4319
1.149	-0.6638	-0.5815
1.173	-0.8016	-0.7472
1.172	-0.8822	-0.7958
1.063	-0.7063	-0.7539
0.7479	-0.4317	-0.6361
0.4131	-0.4009	-0.5456
0.5048	-0.4678	-0.5497
0.8296	-0.5008	-0.6896
0.9411	-0.5914	-0.8122
0.9636	-0.5946	-0.734
0.8438	-0.4525	-0.6022
0.6023	-0.2595	-0.4821
0.5118	-0.08196	-0.4287
0.4562	-0.02548	-0.485
0.5185	-0.05891	-0.4988
0.6633	-0.1193	-0.5083
0.6912	-0.1984	-0.5242
0.7247	-0.1944	-0.4733
0.6567	-0.1169	-0.428
0.5979	-0.05682	-0.3846
0.6651	0.01846	-0.391
0.6834	0.06888	-0.4668
0.7703	0.02266	-0.5012
0.9234	-0.07567	-0.5597
1.072	-0.1615	-0.6316
1.083	-0.1541	-0.6104
0.9612	-0.1195	-0.6369
1.002	-0.1721	-0.8738
1.035	-0.1955	-1.221
1.026	-0.1851	-1.348
1.096	-0.2536	-1.23
1.028	-0.334	-1.167
0.8195	-0.3427	-1.036
0.5982	-0.2375	-0.7948
0.6629	-0.1209	-0.765
0.8864	-0.1419	-0.7682
0.8221	-0.2067	-0.6216
0.7499	-0.2506	-0.5858
0.6852	-0.292	-0.5939
0.5847	-0.29	-0.5281
0.6719	-0.2959	-0.525
0.6366	-0.3296	-0.5161
0.59	-0.3248	-0.4351
0.649	-0.2861	-0.3457
0.6067	-0.2329	-0.2968
0.7109	-0.468	-0.632
0.6551	-0.5004	-0.5239
0.666	-0.4004	-0.493
0.6656	-0.2513	-0.5162
0.6905	-0.1489	-0.5486
0.6806	-0.1063	-0.5182
0.6279	-0.1188	-0.4542
0.5633	-0.2021	-0.3955
0.4999	-0.3112	-0.3255
0.5747	-0.4258	-0.2867
0.6762	-0.476	-0.2816
0.6582	-0.4192	-0.3093
0.6324	-0.3607	-0.3241
0.6368	-0.3485	-0.3026
0.7356	-0.3614	-0.3311
0.9375	-0.3748	-0.3724
1.071	-0.4007	-0.406
1.113	-0.4704	-0.4197
1.133	-0.5604	-0.4319
1.149	-0.6638	-0.5815
1.173	-0.8016	-0.7472
1.172	-0.8822	-0.7958
1.063	-0.7063	-0.7539
0.7479	-0.4317	-0.6361
0.4131	-0.4009	-0.5456
0.5048	-0.4678	-0.5497
0.8296	-0.5008	-0.6896
0.9411	-0.5914	-0.8122
0.9636	-0.5946	-0.734
0.8438	-0.4525	-0.6022
0.6023	-0.2595	-0.4821
0.5118	-0.08196	-0.4287
0.4562	-0.02548	-0.485
0.5185	-0.05891	-0.4988
0.6633	-0.1193	-0.5083
0.6912	-0.1984	-0.5242
0.7247	-0.1944	-0.4733
0.6567	-0.1169	-0.428
0.5979	-0.05682	-0.3846
0.6651	0.01846	-0.391
0.6834	0.06888	-0.4668
0.7703	0.02266	-0.5012
0.9234	-0.07567	-0.5597
1.072	-0.1615	-0.6316
1.083	-0.1541	-0.6104
0.9612	-0.1195	-0.6369
1.002	-0.1721	-0.8738
1.035	-0.1955	-1.221
1.026	-0.1851	-1.348
1.096	-0.2536	-1.23
1.028	-0.334	-1.167
0.8195	-0.3427	-1.036
0.5982	-0.2375	-0.7948
0.6629	-0.1209	-0.765
0.8864	-0.1419	-0.7682
0.8221	-0.2067	-0.6216
0.7499	-0.2506	-0.5858
0.6852	-0.292	-0.5939
0.5847	-0.29	-0.5281
0.6719	-0.2959	-0.525
0.6366	-0.3296	-0.5161
0.59	-0.3248	-0.4351
0.649	-0.2861	-0.3457
0.6067	-0.2329	-0.2968
0.6345	-0.187	-0.3246
0.6	-0.1849	-0.3552
0.5371	-0.2228	-0.3528
0.6409	-0.3402	-0.315
0.7201	-0.4911	-0.252
0.8019	-0.4911	-0.278
0.8888	-0.437	-0.3282
0.9338	-0.4704	-0.3213
0.9726	-0.4492	-0.3451
0.9767	-0.4401	-0.3749
0.9404	-0.5627	-0.4592
0.9269	-0.7493	-0.6966
1.219	-0.8765	-0.9535
1.508	-0.6393	-1.045
1.139	-0.3074	-0.9066
0.5478	-0.3964	-0.6621
0.4141	-0.5134	-0.5071
0.6496	-0.4965	-0.5453
0.8925	-0.5655	-0.6558
0.9033	-0.4925	-0.626
0.8069	-0.3831	-0.5652
0.755	-0.3467	-0.5234
0.6386	-0.1965	-0.4594
0.5244	-0.08793	-0.4986
0.5267	-0.08461	-0.5071
0.5504	-0.09196	-0.487
0.5612	-0.1178	-0.5047
0.6045	-0.1511	-0.42
0.6748	-0.1747	-0.3904
0.7006	-0.1684	-0.4143
0.6762	-0.1581	-0.4086
0.6536	-0.08401	-0.4672
0.6623	0.009476	-0.5138
0.8266	-0.04867	-0.5752
1.084	-0.1447	-0.66
1.144	-0.1809	-0.6902
1.034	-0.1524	-0.6721
0.9882	-0.07625	-0.6705
0.9754	-0.08487	-0.7797
0.9624	-0.1306	-0.9734
1.104	-0.2089	-1.192
1.203	-0.3844	-1.221
0.9465	-0.4678	-1.04
0.6317	-0.3763	-0.8858
0.6499	-0.2462	-0.7203
0.786	-0.1241	-0.6797
0.7765	-0.02447	-0.7206
0.7396	-0.04447	-0.5921
0.6838	-0.1347	-0.5512
0.6187	-0.2033	-0.5532
0.6371	-0.3282	-0.4907
0.6492	-0.4173	-0.5194
0.6966	-0.3928	-0.4818
0.755	-0.355	-0.4421
0.7137	-0.2748	-0.4612
0.6476	-0.2359	-0.3974
0.552	-0.2869	-0.3173
0.5199	-0.3185	-0.212
0.6244	-0.3515	-0.1754
0.717	-0.3403	-0.2833
0.7624	-0.3065	-0.3594
0.7995	-0.3467	-0.3699
0.8998	-0.419	-0.3556
1.072	-0.519	-0.3733
0.6345	-0.187	-0.3246
0.6	-0.1849	-0.3552
0.5371	-0.2228	-0.3528
0.6409	-0.3402	-0.315
0.7201	-0.4911	-0.252
0.8019	-0.4911	-0.278
0.8888	-0.437	-0.3282
0.9338	-0.4704	-0.3213
0.9726	-0.4492	-0.3451
0.9767	-0.4401	-0.3749
0.9404	-0.5627	-0.4592
0.9269	-0.7493	-0.6966
1.219	-0.8765	-0.9535
1.508	-0.6393	-1.045
1.139	-0.3074	-0.9066
0.5478	-0.3964	-0.6621
0.4141	-0.5134	-0.5071
0.6496	-0.4965	-0.5453
0.8925	-0.5655	-0.6558
0.9033	-0.4925	-0.626
0.8069	-0.3831	-0.5652
0.755	-0.3467	-0.5234
0.6386	-0.1965	-0.4594
0.5244	-0.08793	-0.4986
0.5267	-0.08461	-0.5071
0.5504	-0.09196	-0.487
0.5612	-0.1178	-0.5047
0.6045	-0.1511	-0.42
0.6748	-0.1747	-0.3904
0.7006	-0.1684	-0.4143
0.6762	-0.1581	-0.4086
0.6536	-0.08401	-0.4672
0.6623	0.009476	-0.5138
0.8266	-0.04867	-0.5752
1.084	-0.1447	-0.66
1.144	-0.1809	-0.6902
1.034	-0.1524	-0.6721
0.9882	-0.07625	-0.6705
0.9754	-0.08487	-0.7797
0.9624	-0.1306	-0.9734
1.104	-0.2089	-1.192
1.203	-0.3844	-1.221
0.9465	-0.4678	-1.04
0.6317	-0.3763	-0.8858
0.6499	-0.2462	-0.7203
0.786	-0.1241	-0.6797
0.7765	-0.02447	-0.7206
0.7396	-0.04447	-0.5921
0.6838	-0.1347	-0.5512
0.6187	-0.2033	-0.5532
0.6371	-0.3282	-0.4907
0.6492	-0.4173	-0.5194
0.6966	-0.3928	-0.4818
0.755	-0.355	-0.4421
0.7137	-0.2748	-0.4612
0.6476	-0.2359	-0.3974
0.552	-0.2869	-0.3173
0.5199	-0.3185	-0.212
0.6244	-0.3515	-0.1754
0.717	-0.3403	-0.2833
0.7624	-0.3065	-0.3594
0.7995	-0.3467	-0.3699
0.8998	-0.419	-0.3556
1.072	-0.519	-0.3733
1.146	-0.566	-0.4734
1.078	-0.5645	-0.6453
1.045	-0.6548	-0.8544
1.069	-0.6865	-0.9601
0.9572	-0.5772	-0.9215
0.7205	-0.523	-0.7693
0.5824	-0.5432	-0.5949
0.6603	-0.5272	-0.609
0.791	-0.4689	-0.6751
0.7974	-0.4253	-0.6193
0.8001	-0.3743	-0.6029
0.7884	-0.2746	-0.5879
0.6948	-0.2011	-0.5184
0.6172	-0.1667	-0.4974
0.5453	-0.1668	-0.4794
0.5583	-0.1924	-0.4857
0.6133	-0.1549	-0.5062
0.6146	-0.1223	-0.4786
0.6753	-0.1187	-0.4784
0.6807	-0.09948	-0.4651
0.6146	-0.1199	-0.4557
0.5907	-0.1266	-0.4826
0.6071	-0.1241	-0.4721
0.7439	-0.1208	-0.512
0.8774	-0.07661	-0.5703
0.9281	-0.06424	-0.5979
1.007	-0.04644	-0.6913
1.036	-0.05972	-0.764
0.9959	-0.1746	-0.8093
1.015	-0.2582	-0.9808
1.083	-0.3151	-1.165
1.058	-0.4082	-1.128
0.8453	-0.4336	-1.016
0.591	-0.3281	-0.976
0.6417	-0.2293	-0.8782
0.8886	-0.2259	-0.8464
0.9369	-0.2115	-0.8305
0.8665	-0.2061	-0.6307
0.7173	-0.2321	-0.4988
0.5571	-0.2298	-0.4684
0.5557	-0.2554	-0.4617
0.5249	-0.2938	-0.5093
0.5426	-0.324	-0.4683
0.6425	-0.3514	-0.4279
0.6538	-0.3261	-0.3999
0.664	-0.2659	-0.3504
0.6083	-0.1975	-0.3747
0.5294	-0.2017	-0.3418
0.5418	-0.3097	-0.3193
0.6002	-0.3921	-0.3472
0.7142	-0.404	-0.3471
0.7937	-0.396	-0.3971
0.8543	-0.4436	-0.3847
0.9283	-0.5323	-0.3689
0.9621	-0.564	-0.4592
1.03	-0.6062	-0.6093
1.155	-0.6977	-0.8774
1.355	-0.7053	-1.078
1.444	-0.5466	-1.08
1.016	-0.3132	-0.9441
0.5176	-0.2569	-0.7515
0.6926	-0.4546	-0.6606
0.9155	-0.6493	-0.5641
0.759	-0.6483	-0.5408
