WALKDWN 1.025608 -0.3883656 0.0713802
LAYING 0.96396 -0.3614144 0.03651564
LAYING 0.865324 -0.2418692 -0.0465242
LAYING 0.989096 -0.402828 0.11356272
LAYING 1.111432 -0.395776 -0.07841488
LAYING 1.007696 -0.3991 0.0209996
LAYING 0.886716 -0.367144 0.02897
LAYING 0.987828 -0.280024 -0.06967208
LAYING 1.036388 -0.384656 0.0751194
LAYING 1.007748 -0.341656 -0.03828844
LAYING 1.024276 -0.362788 -0.048301
LAYING 0.843692 -0.297916 0.104958
LAYING 1.024456 -0.314272 -0.1025424
LAYING 1.023276 -0.355736 0.0598628
LAYING 0.89914 -0.2740508 0.0840676
LAYING 1.020732 -0.3707108 -0.07764036
LAYING 1.042028 -0.3521744 0.133374
LAYING 1.064376 -0.3587832 -0.0200492
LAYING 0.889528 -0.2303724 -0.03941220708
LAYING 1.027468 -0.408868 0.0587656
LAYING 0.849312 -0.2433088 0.02216359292
LAYING 1.00328 -0.3650156 -0.03118052
LAYING 0.82444 -0.30028 0.10818848
LAYING 1.03628 -0.344444 -0.06718844
LAYING 1.001908 -0.362948 0.03982952
LAYING 0.937156 -0.386868 -0.004056
LAYING 0.839752 -0.23476 -0.04538092
LAYING 0.984412 -0.37618 0.1134664
LAYING 1.012856 -0.324084 -0.05412324
LAYING 1.072664 -0.3605128 -9.512e-05
LAYING 0.981384 -0.306072 0.01459148
LAYING 0.861732 -0.1741644 -0.01259268
LAYING 1.074144 -0.4434804 0.0205858
LAYING 0.98134 -0.3205556 -0.042870316
LAYING 0.941352 -0.31176 -0.04975332
LAYING 0.812388 -0.2782804 0.1049748
LAYING 1.03852 -0.3389716 -0.108401636
LAYING 0.982616 -0.3345364 0.0346268
LAYING 0.950908 -0.3346228 -0.0179892
LAYING 1.00578 -0.3491868 -0.00413928
LAYING 0.877692 -0.339204 0.0160536
LAYING 0.996032 -0.3139548 -0.0794992
LAYING 1.009376 -0.3448668 0.08298712
LAYING 0.986772 -0.35244408 -0.05840672
LAYING 0.98616 -0.3645452 0.01955452
LAYING 0.924944 -0.363804 0.0045628
LAYING 1.095752 -0.241798 -0.3300952
LAYING 0.988456 -0.3305228 -0.2504024
LAYING 0.80902 -0.31906 -0.16257128
LAYING 0.942048 -0.2098332 -0.320524
LAYING 0.955332 -0.372608 -0.2009388
LAYING 1.003796 -0.3199252 -0.338956
LAYING 0.969428 -0.319196 -0.285832
LAYING 0.910044 -0.312364 -0.2389468
LAYING 0.884164 -0.21273792 -0.227724
LAYING 0.910176 -0.3686016 -0.1694732
LAYING 1.109888 -0.23790912 -0.3681012
LAYING 0.976796 -0.3090588 -0.1933704
LAYING 0.951292 -0.28916448 -0.285664
LAYING 0.98984 -0.24120988 -0.2867948
LAYING 0.82142 -0.3160376 -0.11947
LAYING 0.991064 -0.2385122 -0.3667932
LAYING 1.027492 -0.36600748 -0.2705868
LAYING 0.954356 -0.31408812 -0.2614168
LAYING 0.904232 -0.2775432 -0.273796
LAYING 0.904276 -0.385644 -0.22096236
LAYING 0.927652 -0.21058708 -0.275334
LAYING 0.9678 -0.3450348 -0.21477712
LAYING 0.9257 -0.28151868 -0.29701524
LAYING 0.976424 -0.3206656 -0.2546988
LAYING 0.91432 -0.30288 -0.2841576
LAYING 0.848688 -0.1732648 -0.270172
LAYING 1.02418 -0.3607136 -0.219366
LAYING 0.946224 -0.2989288 -0.3669504
LAYING 0.905492 -0.2407368 -0.278076
LAYING 0.910116 -0.357796 -0.19016692
LAYING 0.940432 -0.230492 -0.3319204
LAYING 0.992296 -0.3685848 -0.2728744
LAYING 0.935484 -0.29692 -0.29044892
LAYING 0.938836 -0.342024 -0.3178624
LAYING 0.87328 -0.2615088 -0.2804591452
LAYING 0.93272 -0.319628 -0.273204
LAYING 0.910808 -0.3582304 -0.2783183452
LAYING 0.903128 -0.2477464 -0.3338872
LAYING 0.925076 -0.35608 -0.207102
LAYING 0.920336 -0.2350804 -0.36952
LAYING 0.969728 -0.376394 -0.1747572
LAYING 0.877 -0.32894092 -0.369272
LAYING 0.915852 -0.2188344 -0.475784
LAYING 0.875516 -0.30266196 -0.363012
LAYING 0.9071 -0.2274732 -0.490096
LAYING 0.90554 -0.28624808 -0.35856
LAYING 0.778216 -0.2597364 -0.34736
LAYING 0.87258 -0.17617808 -0.4496
LAYING 0.922624 -0.331752 -0.378488
LAYING 0.9437 -0.19566192 -0.457952
LAYING 0.851696 -0.279224 -0.39408
LAYING 1.034244 -0.212664 -0.537956
LAYING 0.924376 -0.25994472 -0.408204
LAYING 0.9034 -0.2309184 -0.491868
LAYING 0.912428 -0.2703272 -0.434884
LAYING 0.864064 -0.253955284 -0.3725928
LAYING 0.732676 -0.1468244 -0.339788
LAYING 0.880048 -0.3208344 -0.3449808
LAYING 0.876112 -0.226743284 -0.439668
LAYING 0.885748 -0.3179422 -0.33118
LAYING 0.93472 -0.178733 -0.48244
LAYING 1.055104 -0.26619664 -0.447868
LAYING 0.917304 -0.2876816 -0.40328
LAYING 0.842912 -0.08370664 -0.372484
LAYING 0.931316 -0.3133 -0.3228108
LAYING 0.876284 -0.200402 -0.486132
LAYING 1.07988 -0.3676884 -0.479764
LAYING 0.880848 -0.2641064 -0.4198748
LAYING 0.905304 -0.241608 -0.438592
LAYING 0.853448 -0.2802984 -0.418484
LAYING 0.90154 -0.2696672 -0.414744
LAYING 0.755092 -0.2549804 -0.351868
LAYING 0.8724 -0.199964 -0.456496
LAYING 0.870916 -0.30869 -0.364744
LAYING 0.8654 -0.201274 -0.49398
SITTING 0.920696 -0.39513 -0.395184
